6.25
33.3333333333
1
0.0
0.0
1
0.0
0.0
1
0.0
0.0
1
0.0
0.0
1
33.3333333333
300.0
1
3.84615384615
14.2857142857
1
8.33333333333
40.0
1
4.54545454545
14.2857142857
1
3.7037037037
14.2857142857
1
0.0
0.0
1
0.0
0.0
1
0.0
0.0
1
0.0
0.0
1
0.0
0.0
1
5.88235294118
25.0
1
8.33333333333
20.0
1
0.0
0.0
1
0.0
0.0
1
0.0
0.0
1
0.0
0.0
3
0.0
0.0
3
0.0
0.0
3
3.84615384615
28.5714285714
3
0.0
0.0
3
0.0
0.0
3
0.0
0.0
3
0.0
0.0
3
0.0
0.0
3
0.0
0.0
3
0.0
0.0
3
0.0
0.0
3
0.0
0.0
3
0.0
0.0
3
0.0
0.0
3
0.0
0.0
3
0.0
0.0
3
0.0
0.0
3
0.0
0.0
3
0.0
0.0
3
1.78571428571
16.6666666667
3
1.5625
11.1111111111
3
0.0
0.0
3
1.85185185185
20.0
3
1.12359550562
10.0
6
0.0
0.0
6
0.0
0.0
6
0.980392156863
11.1111111111
6
2.38095238095
37.5
6
0.0
0.0
6
4.42477876106
38.4615384615
6
0.757575757576
5.88235294118
6
0.0
0.0
6
2.83018867925
25.0
6
9.34579439252
142.857142857
6
0.0
0.0
6
0.0
0.0
6
0.806451612903
20.0
6
0.0
0.0
6
0.0
0.0
6
0.900900900901
7.14285714286
6
0.0
0.0
6
0.0
0.0
6
0.943396226415
12.5
6
0.0
0.0
6
4.62962962963
55.5555555556
6
0.925925925926
9.09090909091
6
1.06382978723
8.33333333333
6
0.0
0.0
6
0.943396226415
12.5
6
7.40740740741
72.7272727273
6
5.66037735849
120.0
6
3.96825396825
62.5
6
0.0
0.0
6
0.0
0.0
6
2.72727272727
42.8571428571
6
0.0
0.0
6
1.92307692308
25.0
6
0.0
0.0
6
1.90476190476
25.0
6
0.0
0.0
6
3.57142857143
37.5
6
9.32203389831
137.5
6
0.0
0.0
6
1.81818181818
33.3333333333
6
0.970873786408
8.33333333333
6
0.0
0.0
6
3.57142857143
80.0
6
4.13223140496
29.4117647059
6
0.0
0.0
6
0.0
0.0
6
0.0
0.0
6
0.0
0.0
6
0.0
0.0
6
8.33333333333
142.857142857
6
0.869565217391
25.0
6
0.0
0.0
6
0.0
0.0
6
1.02040816327
16.6666666667
6
0.0
0.0
6
2.67857142857
37.5
6
0.0
0.0
6
0.925925925926
10.0
6
1.6
40.0
6
5.50458715596
100.0
6
0.0
0.0
6
4.5045045045
166.666666667
6
1.57480314961
20.0
6
0.0
0.0
6
0.0
0.0
6
2.52100840336
25.0
6
0.0
0.0
6
6.87022900763
128.571428571
6
0.0
0.0
6
1.88679245283
18.1818181818
6
0.0
0.0
6
0.0
0.0
6
4.23728813559
45.4545454545
6
0.900900900901
16.6666666667
6
2.9702970297
42.8571428571
6
0.0
0.0
6
0.0
0.0
6
4.42477876106
83.3333333333
6
0.0
0.0
6
0.0
0.0
6
0.0
0.0
6
1.42857142857
16.6666666667
6
1.88679245283
22.2222222222
6
2.9702970297
23.0769230769
6
0.0
0.0
6
3.07692307692
25.0
6
0.917431192661
14.2857142857
6
0.0
0.0
6
0.0
0.0
6
4.42477876106
55.5555555556
6
0.0
0.0
6
2.0202020202
15.3846153846
6
0.0
0.0
6
0.0
0.0
6
0.0
0.0
6
0.0
0.0
6
0.0
0.0
9
1.16959064327
16.6666666667
9
0.0
0.0
9
3.61445783133
75.0
9
0.0
0.0
9
1.12359550562
22.2222222222
9
3.2967032967
66.6666666667
9
0.595238095238
10.0
9
0.0
0.0
9
0.62893081761
11.1111111111
9
1.20481927711
22.2222222222
9
4.0
63.6363636364
9
0.0
0.0
9
0.0
0.0
9
4.0
140.0
9
4.49438202247
53.3333333333
9
6.93641618497
200.0
9
10.843373494
300.0
9
9.44444444444
130.769230769
9
2.35294117647
50.0
9
0.0
0.0
9
0.0
0.0
9
6.74846625767
137.5
9
2.33918128655
50.0
9
0.0
0.0
9
1.69491525424
27.2727272727
9
0.0
0.0
9
2.79329608939
71.4285714286
9
0.0
0.0
9
9.09090909091
400.0
9
0.531914893617
10.0
9
6.83229813665
110.0
9
0.662251655629
16.6666666667
9
0.0
0.0
9
0.900900900901
14.2857142857
9
5.53191489362
144.444444444
9
0.0
0.0
9
5.31400966184
55.0
9
0.0
0.0
9
0.746268656716
16.6666666667
9
2.6455026455
71.4285714286
9
0.0
0.0
9
2.80898876404
62.5
9
1.6393442623
150.0
9
0.510204081633
16.6666666667
9
0.578034682081
10.0
9
1.38248847926
23.0769230769
9
1.0989010989
25.0
9
1.42857142857
50.0
9
0.0
0.0
9
0.0
0.0
9
0.0
0.0
9
3.58744394619
160.0
9
1.67597765363
50.0
9
2.34741784038
35.7142857143
9
4.66321243523
100.0
9
2.7027027027
66.6666666667
9
1.90476190476
57.1428571429
9
4.04624277457
58.3333333333
9
0.0
0.0
9
2.35294117647
44.4444444444
9
0.0
0.0
9
2.82485875706
71.4285714286
9
0.520833333333
10.0
9
2.23463687151
28.5714285714
9
1.68539325843
27.2727272727
9
3.55029585799
150.0
9
0.0
0.0
9
0.0
0.0
9
2.1164021164
66.6666666667
9
1.81818181818
23.0769230769
9
2.04081632653
40.0
9
0.0
0.0
9
0.735294117647
20.0
9
0.0
0.0
9
3.7558685446
50.0
9
9.24855491329
177.777777778
9
4.23728813559
83.3333333333
9
2.15517241379
62.5
9
3.37078651685
66.6666666667
9
0.0
0.0
9
0.925925925926
16.6666666667
9
4.43037974684
53.8461538462
9
0.471698113208
10.0
9
2.76243093923
38.4615384615
9
0.0
0.0
9
0.0
0.0
9
4.49438202247
66.6666666667
9
0.0
0.0
9
4.95495495495
122.222222222
9
2.48756218905
125.0
9
0.0
0.0
9
0.0
0.0
9
3.8961038961
225.0
9
2.72727272727
150.0
9
0.515463917526
50.0
9
1.40845070423
40.0
9
1.93236714976
66.6666666667
9
2.85714285714
62.5
9
0.0
0.0
9
0.0
0.0
9
3.35195530726
120.0
9
0.0
0.0
9
1.77777777778
28.5714285714
9
0.0
0.0
9
0.0
0.0
9
0.699300699301
20.0
9
0.0
0.0
9
2.1186440678
83.3333333333
9
4.46927374302
100.0
9
0.985221674877
28.5714285714
9
5.19480519481
114.285714286
9
0.0
0.0
9
0.578034682081
9.09090909091
9
0.403225806452
25.0
9
1.5
30.0
9
0.0
0.0
9
0.0
0.0
9
0.0
0.0
9
0.0
0.0
9
3.72670807453
66.6666666667
9
2.1978021978
44.4444444444
9
0.62893081761
7.14285714286
9
2.43902439024
33.3333333333
9
0.574712643678
6.66666666667
9
0.549450549451
11.1111111111
9
0.0
0.0
9
0.0
0.0
9
0.0
0.0
9
0.0
0.0
9
0.0
0.0
9
1.53846153846
23.0769230769
9
1.92307692308
37.5
9
0.0
0.0
9
1.6
28.5714285714
9
0.724637681159
14.2857142857
9
0.0
0.0
9
0.0
0.0
9
2.15827338129
42.8571428571
9
1.4598540146
25.0
9
0.689655172414
5.88235294118
9
1.61290322581
16.6666666667
9
0.613496932515
5.55555555556
9
0.719424460432
11.1111111111
9
0.709219858156
12.5
9
4.21686746988
70.0
9
2.7027027027
45.4545454545
9
0.0
0.0
9
2.54777070064
57.1428571429
9
3.95480225989
53.8461538462
9
0.0
0.0
9
0.621118012422
9.09090909091
9
1.12359550562
11.7647058824
9
0.0
0.0
9
2.95857988166
35.7142857143
9
2.43902439024
30.7692307692
9
0.0
0.0
9
0.581395348837
10.0
9
2.74725274725
55.5555555556
9
