30.3921568627
25.8169934641
0.438888888889
8.45454545455
7.18181818182
18.954248366
14.0522875817
0.238888888889
5.27272727273
3.90909090909
6.53594771242
6.2091503268
0.105555555556
1.81818181818
1.72727272727
1.6339869281
1.6339869281
0.0277777777778
0.454545454545
0.454545454545
15.6862745098
4.24836601307
0.0722222222222
4.36363636364
1.18181818182
57.8431372549
47.0588235294
0.8
16.0909090909
13.0909090909
41.8300653595
11.4379084967
0.194444444444
11.6363636364
3.18181818182
2-3
31.8518518519
28.1481481481
0.413043478261
17.2
15.2
14.4444444444
11.4814814815
0.16847826087
7.8
6.2
10.7407407407
10.3703703704
0.152173913043
5.8
5.6
3.7037037037
3.7037037037
0.054347826087
2.0
2.0
12.5925925926
5.18518518519
0.0760869565217
6.8
2.8
62.962962963
55.1851851852
0.809782608696
34.0
29.8
36.6666666667
12.5925925926
0.184782608696
19.8
6.8
2-3
32.2834645669
27.1653543307
0.408284023669
4.31578947368
3.63157894737
15.3543307087
11.4173228346
0.171597633136
2.05263157895
1.52631578947
8.66141732283
8.26771653543
0.12426035503
1.15789473684
1.10526315789
3.54330708661
3.14960629921
0.0473372781065
0.473684210526
0.421052631579
14.1732283465
7.48031496063
0.112426035503
1.89473684211
1.0
60.6299212598
49.2125984252
0.739644970414
8.10526315789
6.57894736842
39.3700787402
17.3228346457
0.260355029586
5.26315789474
2.31578947368
2-3
39.0243902439
39.0243902439
0.470588235294
16.0
16.0
17.0731707317
12.1951219512
0.147058823529
7.0
5.0
9.75609756098
9.75609756098
0.117647058824
4.0
4.0
0.0
0.0
0.0
0.0
0.0
9.75609756098
9.75609756098
0.117647058824
4.0
4.0
65.8536585366
60.9756097561
0.735294117647
27.0
25.0
34.1463414634
24.3902439024
0.294117647059
14.0
10.0
2-3
20.5128205128
12.8205128205
0.217391304348
8.0
5.0
25.641025641
15.3846153846
0.260869565217
10.0
6.0
0.0
0.0
0.0
0.0
0.0
5.12820512821
2.5641025641
0.0434782608696
2.0
1.0
5.12820512821
5.12820512821
0.0869565217391
2.0
2.0
51.2820512821
30.7692307692
0.521739130435
20.0
12.0
46.1538461538
25.641025641
0.434782608696
18.0
10.0
2-3
29.0909090909
27.2727272727
0.365853658537
16.0
15.0
16.3636363636
14.5454545455
0.19512195122
9.0
8.0
3.63636363636
3.63636363636
0.0487804878049
2.0
2.0
5.45454545455
5.45454545455
0.0731707317073
3.0
3.0
9.09090909091
7.27272727273
0.0975609756098
5.0
4.0
56.3636363636
52.7272727273
0.707317073171
31.0
29.0
43.6363636364
21.8181818182
0.292682926829
24.0
12.0
2-3
36.0
31.0
0.459259259259
24.0
20.6666666667
11.5
10.0
0.148148148148
7.66666666667
6.66666666667
11.0
9.5
0.140740740741
7.33333333333
6.33333333333
1.5
1.0
0.0148148148148
1.0
0.666666666667
13.0
7.0
0.103703703704
8.66666666667
4.66666666667
60.0
50.0
0.740740740741
40.0
33.3333333333
40.0
18.0
0.266666666667
26.6666666667
12.0
2-3
38.1818181818
30.0
0.471428571429
3.0
2.35714285714
9.09090909091
7.27272727273
0.114285714286
0.714285714286
0.571428571429
7.27272727273
5.45454545455
0.0857142857143
0.571428571429
0.428571428571
0.909090909091
0.909090909091
0.0142857142857
0.0714285714286
0.0714285714286
14.5454545455
9.09090909091
0.142857142857
1.14285714286
0.714285714286
55.4545454545
42.7272727273
0.671428571429
4.35714285714
3.35714285714
40.0
16.3636363636
0.257142857143
3.14285714286
1.28571428571
2-3
42.2222222222
42.2222222222
0.5
19.0
19.0
17.7777777778
13.3333333333
0.157894736842
8.0
6.0
6.66666666667
6.66666666667
0.0789473684211
3.0
3.0
6.66666666667
6.66666666667
0.0789473684211
3.0
3.0
6.66666666667
4.44444444444
0.0526315789474
3.0
2.0
73.3333333333
68.8888888889
0.815789473684
33.0
31.0
26.6666666667
15.5555555556
0.184210526316
12.0
7.0
2-3
35.7142857143
35.7142857143
0.490196078431
25.0
25.0
7.14285714286
5.71428571429
0.078431372549
5.0
4.0
11.4285714286
11.4285714286
0.156862745098
8.0
8.0
2.85714285714
2.85714285714
0.0392156862745
2.0
2.0
10.0
4.28571428571
0.0588235294118
7.0
3.0
57.1428571429
55.7142857143
0.764705882353
40.0
39.0
42.8571428571
17.1428571429
0.235294117647
30.0
12.0
2-3
20.9219858156
17.7304964539
0.26455026455
3.93333333333
3.33333333333
19.8581560284
15.2482269504
0.227513227513
3.73333333333
2.86666666667
11.7021276596
11.3475177305
0.169312169312
2.2
2.13333333333
7.09219858156
5.67375886525
0.0846560846561
1.33333333333
1.06666666667
12.4113475177
6.3829787234
0.0952380952381
2.33333333333
1.2
60.9929078014
50.7092198582
0.756613756614
11.4666666667
9.53333333333
38.2978723404
15.9574468085
0.238095238095
7.2
3.0
2-3
30.3296703297
19.7802197802
0.357142857143
5.75
3.75
18.9010989011
13.6263736264
0.246031746032
3.58333333333
2.58333333333
10.7692307692
8.35164835165
0.150793650794
2.04166666667
1.58333333333
2.85714285714
1.97802197802
0.0357142857143
0.541666666667
0.375
14.0659340659
4.61538461538
0.0833333333333
2.66666666667
0.875
64.3956043956
43.956043956
0.793650793651
12.2083333333
8.33333333333
35.6043956044
11.8681318681
0.214285714286
6.75
2.25
2-3
32.8358208955
25.3731343284
0.365591397849
5.5
4.25
15.671641791
11.9402985075
0.172043010753
2.625
2.0
8.20895522388
7.46268656716
0.10752688172
1.375
1.25
7.46268656716
7.46268656716
0.10752688172
1.25
1.25
14.9253731343
8.20895522388
0.118279569892
2.5
1.375
64.9253731343
50.7462686567
0.731182795699
10.875
8.5
34.328358209
17.9104477612
0.258064516129
5.75
3.0
2-3
25.4054054054
19.4594594595
0.297520661157
4.27272727273
3.27272727273
11.8918918919
8.64864864865
0.132231404959
2.0
1.45454545455
10.8108108108
8.10810810811
0.123966942149
1.81818181818
1.36363636364
2.7027027027
2.7027027027
0.0413223140496
0.454545454545
0.454545454545
14.5945945946
9.18918918919
0.140495867769
2.45454545455
1.54545454545
64.8648648649
47.5675675676
0.727272727273
10.9090909091
8.0
38.3783783784
18.9189189189
0.289256198347
6.45454545455
3.18181818182
2-3
25.8823529412
22.3529411765
0.283582089552
2.44444444444
2.11111111111
18.8235294118
16.4705882353
0.208955223881
1.77777777778
1.55555555556
16.4705882353
14.1176470588
0.179104477612
1.55555555556
1.33333333333
2.35294117647
2.35294117647
0.0298507462687
0.222222222222
0.222222222222
9.41176470588
8.23529411765
0.10447761194
0.888888888889
0.777777777778
65.8823529412
56.4705882353
0.716417910448
6.22222222222
5.33333333333
34.1176470588
22.3529411765
0.283582089552
3.22222222222
2.11111111111
2-3
25.1101321586
23.3480176211
0.401515151515
4.95652173913
4.60869565217
16.2995594714
10.3524229075
0.17803030303
3.21739130435
2.04347826087
9.69162995595
8.37004405286
0.143939393939
1.91304347826
1.65217391304
5.50660792952
4.18502202643
0.0719696969697
1.08695652174
0.826086956522
12.5550660793
5.06607929515
0.0871212121212
2.47826086957
1.0
57.268722467
45.8149779736
0.787878787879
11.3043478261
9.04347826087
41.40969163
12.9955947137
0.223484848485
8.17391304348
2.5652173913
2-3
26.6666666667
26.6666666667
0.285714285714
8.0
8.0
20.0
20.0
0.214285714286
6.0
6.0
10.0
10.0
0.107142857143
3.0
3.0
0.0
0.0
0.0
0.0
0.0
16.6666666667
16.6666666667
0.178571428571
5.0
5.0
56.6666666667
56.6666666667
0.607142857143
17.0
17.0
43.3333333333
36.6666666667
0.392857142857
13.0
11.0
2-3
27.5
23.3333333333
0.333333333333
8.25
7.0
17.5
15.0
0.214285714286
5.25
4.5
11.6666666667
11.6666666667
0.166666666667
3.5
3.5
8.33333333333
7.5
0.107142857143
2.5
2.25
12.5
5.83333333333
0.0833333333333
3.75
1.75
65.0
55.8333333333
0.797619047619
19.5
16.75
35.0
14.1666666667
0.202380952381
10.5
4.25
2-3
30.8823529412
23.6928104575
0.423976608187
3.15
2.41666666667
16.339869281
11.6013071895
0.207602339181
1.66666666667
1.18333333333
7.02614379085
6.86274509804
0.122807017544
0.716666666667
0.7
4.41176470588
3.43137254902
0.0614035087719
0.45
0.35
13.0718954248
4.41176470588
0.0789473684211
1.33333333333
0.45
59.1503267974
44.9346405229
0.804093567251
6.03333333333
4.58333333333
40.6862745098
11.1111111111
0.198830409357
4.15
1.13333333333
2-3
25.9933774834
15.3973509934
0.422727272727
52.3333333333
31.0
14.0728476821
5.79470198675
0.159090909091
28.3333333333
11.6666666667
11.9205298013
6.7880794702
0.186363636364
24.0
13.6666666667
5.46357615894
2.48344370861
0.0681818181818
11.0
5.0
10.0993377483
2.15231788079
0.0590909090909
20.3333333333
4.33333333333
58.1125827815
29.9668874172
0.822727272727
117.0
60.3333333333
41.7218543046
7.11920529801
0.195454545455
84.0
14.3333333333
2-3
37.0
36.0
0.452830188679
37.0
36.0
12.5
12.5
0.157232704403
12.5
12.5
11.0
11.0
0.138364779874
11.0
11.0
1.5
1.5
0.0188679245283
1.5
1.5
10.5
6.5
0.0817610062893
10.5
6.5
62.5
61.0
0.767295597484
62.5
61.0
36.5
17.5
0.220125786164
36.5
17.5
2-3
33.3333333333
31.884057971
0.415094339623
23.0
22.0
15.9420289855
15.9420289855
0.207547169811
11.0
11.0
8.69565217391
8.69565217391
0.11320754717
6.0
6.0
0.0
0.0
0.0
0.0
0.0
17.3913043478
10.1449275362
0.132075471698
12.0
7.0
57.9710144928
56.5217391304
0.735849056604
40.0
39.0
40.5797101449
20.2898550725
0.264150943396
28.0
14.0
2-3
53.7037037037
50.0
0.586956521739
14.5
13.5
16.6666666667
14.8148148148
0.173913043478
4.5
4.0
5.55555555556
5.55555555556
0.0652173913043
1.5
1.5
0.0
0.0
0.0
0.0
0.0
11.1111111111
7.40740740741
0.0869565217391
3.0
2.0
75.9259259259
70.3703703704
0.826086956522
20.5
19.0
24.0740740741
14.8148148148
0.173913043478
6.5
4.0
2-3
25.7606490872
16.0243407708
0.370892018779
21.1666666667
13.1666666667
14.6044624746
8.11359026369
0.18779342723
12.0
6.66666666667
9.12778904665
7.09939148073
0.164319248826
7.5
5.83333333333
5.2738336714
3.65111561866
0.0845070422535
4.33333333333
3.0
11.9675456389
3.24543610548
0.075117370892
9.83333333333
2.66666666667
54.9695740365
33.8742393509
0.784037558685
45.1666666667
27.8333333333
43.6105476673
9.33062880325
0.215962441315
35.8333333333
7.66666666667
2-3
27.4576271186
22.7118644068
0.40119760479
5.4
4.46666666667
16.9491525424
10.5084745763
0.185628742515
3.33333333333
2.06666666667
5.42372881356
5.08474576271
0.0898203592814
1.06666666667
1.0
5.42372881356
4.74576271186
0.0838323353293
1.06666666667
0.933333333333
14.9152542373
6.10169491525
0.107784431138
2.93333333333
1.2
57.9661016949
44.0677966102
0.778443113772
11.4
8.66666666667
42.0338983051
13.5593220339
0.239520958084
8.26666666667
2.66666666667
2-3
26.3157894737
19.8142414861
0.326530612245
3.69565217391
2.78260869565
19.8142414861
14.5510835913
0.239795918367
2.78260869565
2.04347826087
9.59752321981
8.66873065015
0.142857142857
1.34782608696
1.21739130435
5.88235294118
5.26315789474
0.0867346938776
0.826086956522
0.739130434783
12.0743034056
4.6439628483
0.0765306122449
1.69565217391
0.652173913043
61.919504644
46.7492260062
0.770408163265
8.69565217391
6.5652173913
34.0557275542
13.6222910217
0.224489795918
4.78260869565
1.91304347826
2-3
28.8461538462
21.5384615385
0.356687898089
6.25
4.66666666667
12.6923076923
11.1538461538
0.184713375796
2.75
2.41666666667
8.84615384615
8.46153846154
0.140127388535
1.91666666667
1.83333333333
2.69230769231
2.30769230769
0.0382165605096
0.583333333333
0.5
13.4615384615
6.53846153846
0.108280254777
2.91666666667
1.41666666667
53.4615384615
43.8461538462
0.726114649682
11.5833333333
9.5
46.5384615385
16.9230769231
0.28025477707
10.0833333333
3.66666666667
2-3
26.334519573
19.9288256228
0.309392265193
3.21739130435
2.4347826087
19.9288256228
13.5231316726
0.209944751381
2.4347826087
1.65217391304
9.60854092527
8.89679715302
0.138121546961
1.17391304348
1.08695652174
4.62633451957
4.27046263345
0.0662983425414
0.565217391304
0.521739130435
10.3202846975
7.11743772242
0.110497237569
1.26086956522
0.869565217391
62.2775800712
47.3309608541
0.734806629834
7.60869565217
5.78260869565
33.8078291815
16.7259786477
0.259668508287
4.13043478261
2.04347826087
2-3
22.6993865031
16.2576687117
0.299435028249
6.16666666667
4.41666666667
15.0306748466
11.3496932515
0.209039548023
4.08333333333
3.08333333333
9.81595092025
8.28220858896
0.152542372881
2.66666666667
2.25
7.9754601227
5.8282208589
0.107344632768
2.16666666667
1.58333333333
14.7239263804
5.52147239264
0.101694915254
4.0
1.5
56.4417177914
40.7975460123
0.751412429379
15.3333333333
11.0833333333
43.2515337423
13.4969325153
0.248587570621
11.75
3.66666666667
2-3
22.2413793103
17.2413793103
0.31746031746
7.16666666667
5.55555555556
16.2068965517
12.0689655172
0.222222222222
5.22222222222
3.88888888889
10.3448275862
9.65517241379
0.177777777778
3.33333333333
3.11111111111
8.10344827586
5.0
0.0920634920635
2.61111111111
1.61111111111
13.275862069
3.96551724138
0.0730158730159
4.27777777778
1.27777777778
57.5862068966
42.9310344828
0.790476190476
18.5555555556
13.8333333333
41.5517241379
11.0344827586
0.203174603175
13.3888888889
3.55555555556
2-3
22.2222222222
19.0476190476
0.230769230769
2.33333333333
2.0
19.0476190476
19.0476190476
0.230769230769
2.0
2.0
14.2857142857
14.2857142857
0.173076923077
1.5
1.5
4.7619047619
4.7619047619
0.0576923076923
0.5
0.5
4.7619047619
4.7619047619
0.0576923076923
0.5
0.5
60.3174603175
57.1428571429
0.692307692308
6.33333333333
6.0
36.5079365079
23.8095238095
0.288461538462
3.83333333333
2.5
2-3
22.9591836735
17.0918367347
0.320574162679
7.5
5.58333333333
18.112244898
11.2244897959
0.210526315789
5.91666666667
3.66666666667
8.41836734694
7.90816326531
0.148325358852
2.75
2.58333333333
6.63265306122
5.86734693878
0.11004784689
2.16666666667
1.91666666667
9.18367346939
5.35714285714
0.1004784689
3.0
1.75
56.6326530612
40.0510204082
0.751196172249
18.5
13.0833333333
40.8163265306
12.7551020408
0.239234449761
13.3333333333
4.16666666667
2-3
25.0902527076
11.9133574007
0.283261802575
3.65789473684
1.73684210526
21.119133574
11.5523465704
0.274678111588
3.07894736842
1.68421052632
6.31768953069
5.41516245487
0.128755364807
0.921052631579
0.789473684211
3.24909747292
2.34657039711
0.0557939914163
0.473684210526
0.342105263158
12.274368231
4.15162454874
0.0987124463519
1.78947368421
0.605263157895
56.1371841155
30.3249097473
0.721030042918
8.18421052632
4.42105263158
42.0577617329
11.9133574007
0.283261802575
6.13157894737
1.73684210526
2-3
29.0540540541
22.7477477477
0.397637795276
4.16129032258
3.25806451613
18.6936936937
13.5135135135
0.236220472441
2.67741935484
1.93548387097
6.75675675676
6.08108108108
0.106299212598
0.967741935484
0.870967741935
4.5045045045
4.05405405405
0.0708661417323
0.645161290323
0.58064516129
11.2612612613
4.5045045045
0.0787401574803
1.61290322581
0.645161290323
59.4594594595
45.7207207207
0.799212598425
8.51612903226
6.54838709677
38.963963964
11.7117117117
0.204724409449
5.58064516129
1.67741935484
2-3
31.6176470588
18.3823529412
0.333333333333
10.75
6.25
16.1764705882
10.2941176471
0.186666666667
5.5
3.5
7.35294117647
5.88235294118
0.106666666667
2.5
2.0
10.2941176471
5.14705882353
0.0933333333333
3.5
1.75
11.0294117647
6.61764705882
0.12
3.75
2.25
65.4411764706
38.9705882353
0.706666666667
22.25
13.25
33.8235294118
15.4411764706
0.28
11.5
5.25
2-3
29.8342541436
23.2044198895
0.347107438017
4.90909090909
3.81818181818
18.2320441989
13.2596685083
0.198347107438
3.0
2.18181818182
7.73480662983
7.73480662983
0.115702479339
1.27272727273
1.27272727273
5.52486187845
4.97237569061
0.0743801652893
0.909090909091
0.818181818182
9.94475138122
5.52486187845
0.0826446280992
1.63636363636
0.909090909091
61.8784530387
49.7237569061
0.743801652893
10.1818181818
8.18181818182
37.5690607735
17.679558011
0.264462809917
6.18181818182
2.90909090909
2-3
23.1884057971
15.2173913043
0.276315789474
3.76470588235
2.47058823529
17.0289855072
13.768115942
0.25
2.76470588235
2.23529411765
5.4347826087
5.4347826087
0.0986842105263
0.882352941176
0.882352941176
7.97101449275
6.52173913043
0.118421052632
1.29411764706
1.05882352941
12.6811594203
6.88405797101
0.125
2.05882352941
1.11764705882
53.9855072464
40.9420289855
0.743421052632
8.76470588235
6.64705882353
45.652173913
14.4927536232
0.263157894737
7.41176470588
2.35294117647
2-3
30.5418719212
21.1822660099
0.364406779661
4.76923076923
3.30769230769
19.7044334975
14.2857142857
0.245762711864
3.07692307692
2.23076923077
9.35960591133
6.89655172414
0.118644067797
1.46153846154
1.07692307692
2.95566502463
2.46305418719
0.0423728813559
0.461538461538
0.384615384615
10.8374384236
5.91133004926
0.101694915254
1.69230769231
0.923076923077
63.0541871921
44.8275862069
0.771186440678
9.84615384615
7.0
34.9753694581
14.2857142857
0.245762711864
5.46153846154
2.23076923077
2-3
23.0769230769
20.1923076923
0.287671232877
6.0
5.25
24.0384615385
22.1153846154
0.315068493151
6.25
5.75
2.88461538462
2.88461538462
0.041095890411
0.75
0.75
12.5
6.73076923077
0.0958904109589
3.25
1.75
12.5
8.65384615385
0.123287671233
3.25
2.25
63.4615384615
50.9615384615
0.72602739726
16.5
13.25
36.5384615385
19.2307692308
0.27397260274
9.5
5.0
2-3
27.8772378517
21.7391304348
0.366379310345
4.03703703704
3.14814814815
17.1355498721
13.5549872123
0.228448275862
2.48148148148
1.96296296296
9.46291560102
8.43989769821
0.14224137931
1.37037037037
1.22222222222
3.32480818414
2.55754475703
0.0431034482759
0.481481481481
0.37037037037
13.810741688
5.62659846547
0.0948275862069
2.0
0.814814814815
58.0562659847
45.2685421995
0.762931034483
8.40740740741
6.55555555556
40.4092071611
13.5549872123
0.228448275862
5.85185185185
1.96296296296
2-3
26.8398268398
19.0476190476
0.349206349206
3.54285714286
2.51428571429
18.8311688312
13.2034632035
0.242063492063
2.48571428571
1.74285714286
9.52380952381
8.22510822511
0.150793650794
1.25714285714
1.08571428571
3.24675324675
2.38095238095
0.0436507936508
0.428571428571
0.314285714286
10.8225108225
4.11255411255
0.0753968253968
1.42857142857
0.542857142857
58.4415584416
42.2077922078
0.77380952381
7.71428571429
5.57142857143
38.7445887446
11.6883116883
0.214285714286
5.11428571429
1.54285714286
2-3
30.0
30.0
0.333333333333
9.0
9.0
16.6666666667
16.6666666667
0.185185185185
5.0
5.0
10.0
10.0
0.111111111111
3.0
3.0
0.0
0.0
0.0
0.0
0.0
23.3333333333
13.3333333333
0.148148148148
7.0
4.0
66.6666666667
66.6666666667
0.740740740741
20.0
20.0
33.3333333333
23.3333333333
0.259259259259
10.0
7.0
2-3
21.3197969543
19.7969543147
0.282608695652
3.23076923077
3.0
18.7817258883
15.2284263959
0.217391304348
2.84615384615
2.30769230769
12.1827411168
10.6598984772
0.152173913043
1.84615384615
1.61538461538
3.55329949239
3.55329949239
0.0507246376812
0.538461538462
0.538461538462
12.6903553299
5.58375634518
0.0797101449275
1.92307692308
0.846153846154
55.8375634518
48.730964467
0.695652173913
8.46153846154
7.38461538462
44.1624365482
21.3197969543
0.304347826087
6.69230769231
3.23076923077
2-3
23.4848484848
16.2878787879
0.273885350318
5.63636363636
3.90909090909
18.5606060606
11.7424242424
0.197452229299
4.45454545455
2.81818181818
13.2575757576
11.7424242424
0.197452229299
3.18181818182
2.81818181818
5.30303030303
4.54545454545
0.0764331210191
1.27272727273
1.09090909091
17.0454545455
4.92424242424
0.0828025477707
4.09090909091
1.18181818182
61.3636363636
43.5606060606
0.732484076433
14.7272727273
10.4545454545
38.6363636364
15.9090909091
0.267515923567
9.27272727273
3.81818181818
2-3
23.9043824701
20.7171314741
0.327044025157
4.28571428571
3.71428571429
17.9282868526
14.3426294821
0.22641509434
3.21428571429
2.57142857143
8.76494023904
7.56972111554
0.119496855346
1.57142857143
1.35714285714
6.37450199203
5.17928286853
0.0817610062893
1.14285714286
0.928571428571
13.1474103586
5.97609561753
0.0943396226415
2.35714285714
1.07142857143
58.9641434263
49.0039840637
0.77358490566
10.5714285714
8.78571428571
41.0358565737
14.7410358566
0.232704402516
7.35714285714
2.64285714286
6-8
33.3333333333
31.1827956989
0.460317460317
31.0
29.0
11.8279569892
11.8279569892
0.174603174603
11.0
11.0
7.52688172043
7.52688172043
0.111111111111
7.0
7.0
3.22580645161
3.22580645161
0.047619047619
3.0
3.0
18.2795698925
5.37634408602
0.0793650793651
17.0
5.0
55.9139784946
52.688172043
0.777777777778
52.0
49.0
44.0860215054
15.0537634409
0.222222222222
41.0
14.0
6-8
27.8745644599
18.4668989547
0.346405228758
6.15384615385
4.07692307692
19.1637630662
12.8919860627
0.241830065359
4.23076923077
2.84615384615
6.27177700348
4.87804878049
0.0915032679739
1.38461538462
1.07692307692
3.13588850174
2.78745644599
0.0522875816993
0.692307692308
0.615384615385
14.9825783972
6.96864111498
0.130718954248
3.30769230769
1.53846153846
59.2334494774
40.0696864111
0.751633986928
13.0769230769
8.84615384615
40.4181184669
12.8919860627
0.241830065359
8.92307692308
2.84615384615
6-8
34.8762109795
27.4488697524
0.56043956044
81.0
63.75
10.0107642626
8.28848223897
0.169230769231
23.25
19.25
6.45855758881
5.9203444564
0.120879120879
15.0
13.75
2.58342303552
1.93756727664
0.0395604395604
6.0
4.5
16.146393972
3.33692142088
0.0681318681319
37.5
7.75
54.3595263724
42.7341227126
0.872527472527
126.25
99.25
45.5328310011
6.88912809473
0.140659340659
105.75
16.0
6-8
25.4646840149
20.0743494424
0.362416107383
8.5625
6.75
20.0743494424
14.126394052
0.255033557047
6.75
4.75
7.99256505576
6.50557620818
0.11744966443
2.6875
2.1875
5.94795539033
4.83271375465
0.0872483221477
2.0
1.625
11.1524163569
4.2750929368
0.0771812080537
3.75
1.4375
60.780669145
44.6096654275
0.805369127517
20.4375
15.0
37.5464684015
10.780669145
0.194630872483
12.625
3.625
6-8
37.8006872852
26.4604810997
0.420765027322
3.4375
2.40625
17.1821305842
12.3711340206
0.196721311475
1.5625
1.125
8.5910652921
7.56013745704
0.120218579235
0.78125
0.6875
4.46735395189
4.12371134021
0.0655737704918
0.40625
0.375
14.7766323024
4.81099656357
0.0765027322404
1.34375
0.4375
70.4467353952
51.2027491409
0.814207650273
6.40625
4.65625
32.9896907216
13.4020618557
0.213114754098
3.0
1.21875
6-8
24.9084249084
20.1465201465
0.337423312883
9.71428571429
7.85714285714
16.1172161172
12.8205128205
0.21472392638
6.28571428571
5.0
9.89010989011
8.05860805861
0.134969325153
3.85714285714
3.14285714286
3.663003663
3.663003663
0.0613496932515
1.42857142857
1.42857142857
16.1172161172
6.59340659341
0.110429447853
6.28571428571
2.57142857143
55.6776556777
45.7875457875
0.766871165644
21.7142857143
17.8571428571
43.956043956
13.5531135531
0.226993865031
17.1428571429
5.28571428571
6-8
36.0269360269
25.2525252525
0.405405405405
10.7
7.5
16.1616161616
11.7845117845
0.189189189189
4.8
3.5
12.4579124579
10.101010101
0.162162162162
3.7
3.0
4.7138047138
4.0404040404
0.0648648648649
1.4
1.2
13.1313131313
5.05050505051
0.0810810810811
3.9
1.5
72.0538720539
51.8518518519
0.832432432432
21.4
15.4
28.2828282828
10.7744107744
0.172972972973
8.4
3.2
6-8
37.8640776699
35.2750809061
0.511737089202
39.0
36.3333333333
13.9158576052
11.3268608414
0.164319248826
14.3333333333
11.6666666667
5.17799352751
4.85436893204
0.0704225352113
5.33333333333
5.0
6.79611650485
4.85436893204
0.0704225352113
7.0
5.0
13.2686084142
6.14886731392
0.0892018779343
13.6666666667
6.33333333333
64.4012944984
56.3106796117
0.816901408451
66.3333333333
58.0
36.569579288
14.2394822006
0.206572769953
37.6666666667
14.6666666667
6-8
20.6401766004
16.2251655629
0.363861386139
4.45238095238
3.5
17.6600441501
11.5894039735
0.259900990099
3.80952380952
2.5
7.72626931567
6.73289183223
0.15099009901
1.66666666667
1.45238095238
5.18763796909
3.64238410596
0.0816831683168
1.11904761905
0.785714285714
19.646799117
3.31125827815
0.0742574257426
4.2380952381
0.714285714286
52.0971302428
37.3068432671
0.836633663366
11.2380952381
8.04761904762
47.9028697572
7.5055187638
0.168316831683
10.3333333333
1.61904761905
6-8
40.1015228426
26.9035532995
0.441666666667
9.875
6.625
14.7208121827
10.6598984772
0.175
3.625
2.625
8.62944162437
8.12182741117
0.133333333333
2.125
2.0
2.03045685279
1.52284263959
0.025
0.5
0.375
5.07614213198
4.06091370558
0.0666666666667
1.25
1.0
65.4822335025
45.1776649746
0.741666666667
16.125
11.125
34.5177664975
15.7360406091
0.258333333333
8.5
3.875
6-8
25.9646302251
19.3729903537
0.400998336106
4.61428571429
3.44285714286
16.7202572347
11.2540192926
0.232945091514
2.97142857143
2.0
11.0932475884
9.00321543408
0.186356073211
1.97142857143
1.6
5.22508038585
3.05466237942
0.063227953411
0.928571428571
0.542857142857
14.0675241158
3.05466237942
0.063227953411
2.5
0.542857142857
59.5659163987
40.9163987138
0.846921797005
10.5857142857
7.27142857143
40.6752411576
7.47588424437
0.154742096506
7.22857142857
1.32857142857
6-8
24.3801652893
20.6611570248
0.335570469799
8.42857142857
7.14285714286
16.9421487603
11.1570247934
0.181208053691
5.85714285714
3.85714285714
9.5041322314
9.09090909091
0.147651006711
3.28571428571
3.14285714286
5.37190082645
3.71900826446
0.0604026845638
1.85714285714
1.28571428571
16.1157024793
7.85123966942
0.127516778523
5.57142857143
2.71428571429
57.8512396694
45.4545454545
0.738255033557
20.0
15.7142857143
40.9090909091
16.1157024793
0.261744966443
14.1428571429
5.57142857143
6-8
25.7425742574
21.7821782178
0.323529411765
2.0
1.69230769231
17.3267326733
12.8712871287
0.191176470588
1.34615384615
1.0
7.42574257426
7.42574257426
0.110294117647
0.576923076923
0.576923076923
4.9504950495
4.9504950495
0.0735294117647
0.384615384615
0.384615384615
14.8514851485
7.42574257426
0.110294117647
1.15384615385
0.576923076923
60.396039604
48.5148514851
0.720588235294
4.69230769231
3.76923076923
38.1188118812
18.3168316832
0.272058823529
2.96153846154
1.42307692308
6-8
37.5
31.25
0.5
12.0
10.0
8.75
6.875
0.11
2.8
2.2
11.25
10.0
0.16
3.6
3.2
0.625
0.625
0.01
0.2
0.2
10.625
5.625
0.09
3.4
1.8
61.25
49.375
0.79
19.6
15.8
38.75
13.125
0.21
12.4
4.2
6-8
26.1538461538
24.6153846154
0.377952755906
4.63636363636
4.36363636364
16.4102564103
10.2564102564
0.157480314961
2.90909090909
1.81818181818
6.66666666667
6.15384615385
0.0944881889764
1.18181818182
1.09090909091
4.61538461538
4.61538461538
0.0708661417323
0.818181818182
0.818181818182
16.9230769231
7.17948717949
0.110236220472
3.0
1.27272727273
54.358974359
45.1282051282
0.692913385827
9.63636363636
8.0
45.641025641
20.0
0.307086614173
8.09090909091
3.54545454545
6-8
35.36121673
31.5589353612
0.466292134831
7.75
6.91666666667
16.7300380228
11.4068441065
0.168539325843
3.66666666667
2.5
9.88593155894
9.12547528517
0.134831460674
2.16666666667
2.0
4.94296577947
4.56273764259
0.0674157303371
1.08333333333
1.0
14.4486692015
4.94296577947
0.0730337078652
3.16666666667
1.08333333333
68.8212927757
57.0342205323
0.842696629213
15.0833333333
12.5
31.5589353612
11.0266159696
0.162921348315
6.91666666667
2.41666666667
6-8
33.3333333333
25.6637168142
0.416267942584
7.53333333333
5.8
11.209439528
9.73451327434
0.157894736842
2.53333333333
2.2
11.7994100295
8.84955752212
0.143540669856
2.66666666667
2.0
2.3598820059
2.3598820059
0.0382775119617
0.533333333333
0.533333333333
14.7492625369
5.60471976401
0.0909090909091
3.33333333333
1.26666666667
63.4218289086
49.5575221239
0.803827751196
14.3333333333
11.2
36.5781710914
12.0943952802
0.196172248804
8.26666666667
2.73333333333
6-8
41.1764705882
17.6470588235
0.473684210526
21.0
9.0
5.88235294118
3.92156862745
0.105263157895
3.0
2.0
1.96078431373
1.96078431373
0.0526315789474
1.0
1.0
3.92156862745
1.96078431373
0.0526315789474
2.0
1.0
13.7254901961
7.8431372549
0.210526315789
7.0
4.0
52.9411764706
23.5294117647
0.631578947368
27.0
12.0
47.0588235294
15.6862745098
0.421052631579
24.0
8.0
6-8
19.8630136986
16.4383561644
0.274285714286
5.27272727273
4.36363636364
18.8356164384
15.7534246575
0.262857142857
5.0
4.18181818182
8.21917808219
7.87671232877
0.131428571429
2.18181818182
2.09090909091
7.87671232877
5.82191780822
0.0971428571429
2.09090909091
1.54545454545
15.0684931507
6.50684931507
0.108571428571
4.0
1.72727272727
55.8219178082
45.2054794521
0.754285714286
14.8181818182
12.0
43.8356164384
14.3835616438
0.24
11.6363636364
3.81818181818
6-8
29.3333333333
24.4444444444
0.384615384615
9.42857142857
7.85714285714
17.3333333333
13.7777777778
0.216783216783
5.57142857143
4.42857142857
7.55555555556
7.11111111111
0.111888111888
2.42857142857
2.28571428571
6.22222222222
4.44444444444
0.0699300699301
2.0
1.42857142857
13.3333333333
5.77777777778
0.0909090909091
4.28571428571
1.85714285714
61.3333333333
50.2222222222
0.79020979021
19.7142857143
16.1428571429
36.8888888889
13.3333333333
0.20979020979
11.8571428571
4.28571428571
6-8
33.3333333333
26.7399267399
0.403314917127
11.375
9.125
12.8205128205
10.2564102564
0.154696132597
4.375
3.5
8.05860805861
7.69230769231
0.116022099448
2.75
2.625
6.59340659341
5.86080586081
0.0883977900552
2.25
2.0
11.7216117216
5.49450549451
0.0828729281768
4.0
1.875
65.2014652015
53.4798534799
0.806629834254
22.25
18.25
34.4322344322
12.4542124542
0.187845303867
11.75
4.25
6-8
40.9282700422
35.864978903
0.502958579882
10.7777777778
9.44444444444
8.4388185654
6.75105485232
0.094674556213
2.22222222222
1.77777777778
7.59493670886
7.17299578059
0.100591715976
2.0
1.88888888889
1.68776371308
1.26582278481
0.0177514792899
0.444444444444
0.333333333333
13.9240506329
7.59493670886
0.10650887574
3.66666666667
2.0
64.5569620253
56.5400843882
0.792899408284
17.0
14.8888888889
35.0210970464
14.3459915612
0.201183431953
9.22222222222
3.77777777778
6-8
36.0
33.3333333333
0.438596491228
27.0
25.0
10.6666666667
10.6666666667
0.140350877193
8.0
8.0
8.0
8.0
0.105263157895
6.0
6.0
2.66666666667
1.33333333333
0.0175438596491
2.0
1.0
14.6666666667
12.0
0.157894736842
11.0
9.0
57.3333333333
53.3333333333
0.701754385965
43.0
40.0
42.6666666667
24.0
0.315789473684
32.0
18.0
6-8
27.969348659
22.9885057471
0.363636363636
6.08333333333
5.0
16.4750957854
13.7931034483
0.218181818182
3.58333333333
3.0
6.13026819923
5.74712643678
0.0909090909091
1.33333333333
1.25
5.74712643678
4.59770114943
0.0727272727273
1.25
1.0
14.5593869732
6.13026819923
0.0969696969697
3.16666666667
1.33333333333
57.0881226054
47.8927203065
0.757575757576
12.4166666667
10.4166666667
43.2950191571
15.7088122605
0.248484848485
9.41666666667
3.41666666667
6-8
26.7015706806
22.5130890052
0.302816901408
3.92307692308
3.30769230769
17.8010471204
14.6596858639
0.197183098592
2.61538461538
2.15384615385
11.5183246073
9.94764397906
0.133802816901
1.69230769231
1.46153846154
7.32984293194
5.75916230366
0.0774647887324
1.07692307692
0.846153846154
14.1361256545
8.37696335079
0.112676056338
2.07692307692
1.23076923077
64.9214659686
53.4031413613
0.718309859155
9.53846153846
7.84615384615
35.6020942408
21.4659685864
0.288732394366
5.23076923077
3.15384615385
6-8
29.3604651163
26.1627906977
0.401785714286
9.18181818182
8.18181818182
18.023255814
13.9534883721
0.214285714286
5.63636363636
4.36363636364
6.97674418605
5.81395348837
0.0892857142857
2.18181818182
1.81818181818
7.26744186047
6.39534883721
0.0982142857143
2.27272727273
2.0
17.7325581395
6.10465116279
0.09375
5.54545454545
1.90909090909
62.5
52.3255813953
0.803571428571
19.5454545455
16.3636363636
37.5
12.7906976744
0.196428571429
11.7272727273
4.0
6-8
30.3225806452
26.4516129032
0.41
47.0
41.0
18.7096774194
16.7741935484
0.26
29.0
26.0
2.58064516129
2.58064516129
0.04
4.0
4.0
3.22580645161
3.22580645161
0.05
5.0
5.0
12.9032258065
7.09677419355
0.11
20.0
11.0
54.8387096774
48.3870967742
0.75
85.0
75.0
44.5161290323
16.1290322581
0.25
69.0
25.0
6-8
24.4541484716
20.0873362445
0.289308176101
4.0
3.28571428571
19.6506550218
16.1572052402
0.232704402516
3.21428571429
2.64285714286
11.3537117904
10.0436681223
0.14465408805
1.85714285714
1.64285714286
6.1135371179
6.1135371179
0.0880503144654
1.0
1.0
14.4104803493
8.29694323144
0.119496855346
2.35714285714
1.35714285714
62.0087336245
50.6550218341
0.729559748428
10.1428571429
8.28571428571
37.1179039301
18.3406113537
0.264150943396
6.07142857143
3.0
6-8
25.3571428571
21.7857142857
0.337016574586
5.46153846154
4.69230769231
17.1428571429
15.0
0.232044198895
3.69230769231
3.23076923077
11.4285714286
8.57142857143
0.132596685083
2.46153846154
1.84615384615
5.71428571429
4.64285714286
0.0718232044199
1.23076923077
1.0
14.6428571429
7.14285714286
0.110497237569
3.15384615385
1.53846153846
60.3571428571
49.6428571429
0.767955801105
13.0
10.6923076923
39.6428571429
15.3571428571
0.237569060773
8.53846153846
3.30769230769
6-8
41.5162454874
32.1299638989
0.536144578313
8.84615384615
6.84615384615
10.8303249097
8.6642599278
0.144578313253
2.30769230769
1.84615384615
9.02527075812
7.94223826715
0.132530120482
1.92307692308
1.69230769231
1.80505415162
1.80505415162
0.0301204819277
0.384615384615
0.384615384615
15.523465704
4.69314079422
0.078313253012
3.30769230769
1.0
63.8989169675
50.5415162455
0.843373493976
13.6153846154
10.7692307692
36.1010830325
9.74729241877
0.16265060241
7.69230769231
2.07692307692
6-8
21.4814814815
19.2592592593
0.270833333333
29.0
26.0
18.5185185185
16.2962962963
0.229166666667
25.0
22.0
7.40740740741
7.40740740741
0.104166666667
10.0
10.0
7.40740740741
7.40740740741
0.104166666667
10.0
10.0
13.3333333333
7.40740740741
0.104166666667
18.0
10.0
58.5185185185
51.1111111111
0.71875
79.0
69.0
41.4814814815
20.0
0.28125
56.0
27.0
6-8
25.641025641
20.5128205128
0.32
2.8
2.24
17.9487179487
15.3846153846
0.24
1.96
1.68
7.32600732601
6.95970695971
0.108571428571
0.8
0.76
5.49450549451
4.3956043956
0.0685714285714
0.6
0.48
14.652014652
6.95970695971
0.108571428571
1.6
0.76
57.5091575092
46.8864468864
0.731428571429
6.28
5.12
42.1245421245
17.2161172161
0.268571428571
4.6
1.88
6-8
30.3501945525
26.0700389105
0.416149068323
5.57142857143
4.78571428571
14.0077821012
10.8949416342
0.173913043478
2.57142857143
2.0
10.5058365759
8.56031128405
0.136645962733
1.92857142857
1.57142857143
4.66926070039
2.72373540856
0.0434782608696
0.857142857143
0.5
11.2840466926
5.44747081712
0.0869565217391
2.07142857143
1.0
63.0350194553
49.0272373541
0.782608695652
11.5714285714
9.0
36.5758754864
13.6186770428
0.217391304348
6.71428571429
2.5
6-8
33.7690631808
23.311546841
0.436734693878
8.15789473684
5.63157894737
13.5076252723
9.58605664488
0.179591836735
3.26315789474
2.31578947368
9.80392156863
7.18954248366
0.134693877551
2.36842105263
1.73684210526
4.35729847495
3.7037037037
0.069387755102
1.05263157895
0.894736842105
15.4684095861
4.1394335512
0.0775510204082
3.73684210526
1.0
68.8453159041
45.7516339869
0.857142857143
16.6315789474
11.0526315789
31.8082788671
8.06100217865
0.151020408163
7.68421052632
1.94736842105
6-8
34.3065693431
28.102189781
0.466666666667
94.0
77.0
16.4233576642
11.3138686131
0.187878787879
45.0
31.0
6.93430656934
6.56934306569
0.109090909091
19.0
18.0
3.28467153285
2.9197080292
0.0484848484848
9.0
8.0
13.503649635
4.74452554745
0.0787878787879
37.0
13.0
60.9489051095
48.1751824818
0.8
167.0
132.0
39.0510948905
12.0437956204
0.2
107.0
33.0
6-8
28.5714285714
23.7012987013
0.380208333333
6.76923076923
5.61538461538
17.8571428571
14.9350649351
0.239583333333
4.23076923077
3.53846153846
3.57142857143
3.57142857143
0.0572916666667
0.846153846154
0.846153846154
5.19480519481
5.19480519481
0.0833333333333
1.23076923077
1.23076923077
15.2597402597
5.84415584416
0.09375
3.61538461538
1.38461538462
55.5194805195
47.4025974026
0.760416666667
13.1538461538
11.2307692308
43.8311688312
14.6103896104
0.234375
10.3846153846
3.46153846154
6-8
28.1967213115
24.262295082
0.4
7.81818181818
6.72727272727
15.737704918
11.4754098361
0.189189189189
4.36363636364
3.18181818182
9.18032786885
7.2131147541
0.118918918919
2.54545454545
2.0
5.90163934426
4.91803278689
0.0810810810811
1.63636363636
1.36363636364
16.393442623
4.91803278689
0.0810810810811
4.54545454545
1.36363636364
59.3442622951
47.2131147541
0.778378378378
16.4545454545
13.0909090909
40.6557377049
13.4426229508
0.221621621622
11.2727272727
3.72727272727
6-8
20.325203252
16.6666666667
0.297101449275
3.57142857143
2.92857142857
13.8211382114
10.162601626
0.18115942029
2.42857142857
1.78571428571
11.7886178862
7.72357723577
0.13768115942
2.07142857143
1.35714285714
10.162601626
6.91056910569
0.123188405797
1.78571428571
1.21428571429
8.53658536585
4.87804878049
0.0869565217391
1.5
0.857142857143
61.3821138211
41.0569105691
0.731884057971
10.7857142857
7.21428571429
38.2113821138
15.4471544715
0.275362318841
6.71428571429
2.71428571429
6-8
28.6307053942
26.1410788382
0.386503067485
7.66666666667
7.0
13.6929460581
12.4481327801
0.184049079755
3.66666666667
3.33333333333
7.05394190871
6.22406639004
0.0920245398773
1.88888888889
1.66666666667
5.80912863071
5.39419087137
0.079754601227
1.55555555556
1.44444444444
17.0124481328
6.22406639004
0.0920245398773
4.55555555556
1.66666666667
56.4315352697
51.0373443983
0.754601226994
15.1111111111
13.6666666667
44.398340249
17.0124481328
0.251533742331
11.8888888889
4.55555555556
11-CCR
26.5060240964
22.6907630522
0.421641791045
10.1538461538
8.69230769231
14.6586345382
10.4417670683
0.194029850746
5.61538461538
4.0
9.03614457831
7.4297188755
0.138059701493
3.46153846154
2.84615384615
4.61847389558
3.61445783133
0.0671641791045
1.76923076923
1.38461538462
16.6666666667
3.21285140562
0.0597014925373
6.38461538462
1.23076923077
56.4257028112
45.1807228916
0.839552238806
21.6153846154
17.3076923077
43.9759036145
9.03614457831
0.167910447761
16.8461538462
3.46153846154
11-CCR
33.6322869955
32.735426009
0.453416149068
9.375
9.125
11.6591928251
11.2107623318
0.155279503106
3.25
3.125
10.3139013453
9.41704035874
0.130434782609
2.875
2.625
4.48430493274
4.03587443946
0.055900621118
1.25
1.125
17.4887892377
4.93273542601
0.0683229813665
4.875
1.375
61.8834080717
58.7443946188
0.813664596273
17.25
16.375
38.5650224215
13.9013452915
0.192546583851
10.75
3.875
11-CCR
26.2589928058
25.1798561151
0.360824742268
14.6
14.0
14.3884892086
13.6690647482
0.19587628866
8.0
7.6
8.9928057554
8.63309352518
0.123711340206
5.0
4.8
6.8345323741
5.75539568345
0.0824742268041
3.8
3.2
13.309352518
5.03597122302
0.0721649484536
7.4
2.8
59.3525179856
55.7553956835
0.798969072165
33.0
31.0
39.928057554
14.0287769784
0.201030927835
22.2
7.8
11-CCR
32.7380952381
30.6547619048
0.483568075117
22.0
20.6
12.5
9.22619047619
0.145539906103
8.4
6.2
5.35714285714
5.05952380952
0.0798122065728
3.6
3.4
6.84523809524
5.95238095238
0.093896713615
4.6
4.0
16.0714285714
4.46428571429
0.0704225352113
10.8
3.0
58.3333333333
51.4880952381
0.81220657277
39.2
34.6
41.9642857143
12.7976190476
0.201877934272
28.2
8.6
11-CCR
34.4262295082
31.4754098361
0.442396313364
7.0
6.4
12.4590163934
10.1639344262
0.142857142857
2.53333333333
2.06666666667
7.86885245902
7.2131147541
0.101382488479
1.6
1.46666666667
6.88524590164
5.24590163934
0.073732718894
1.4
1.06666666667
11.8032786885
5.5737704918
0.0783410138249
2.4
1.13333333333
63.606557377
55.737704918
0.783410138249
12.9333333333
11.3333333333
37.0491803279
16.393442623
0.230414746544
7.53333333333
3.33333333333
11-CCR
30.8139534884
29.9418604651
0.422131147541
8.15384615385
7.92307692308
12.7906976744
10.4651162791
0.147540983607
3.38461538462
2.76923076923
11.3372093023
11.0465116279
0.155737704918
3.0
2.92307692308
5.23255813953
4.36046511628
0.0614754098361
1.38461538462
1.15384615385
19.476744186
6.68604651163
0.094262295082
5.15384615385
1.76923076923
62.7906976744
57.5581395349
0.811475409836
16.6153846154
15.2307692308
37.2093023256
13.6627906977
0.19262295082
9.84615384615
3.61538461538
11-CCR
36.3636363636
31.4685314685
0.471204188482
5.47368421053
4.73684210526
12.5874125874
8.74125874126
0.130890052356
1.89473684211
1.31578947368
10.1398601399
8.39160839161
0.125654450262
1.52631578947
1.26315789474
6.99300699301
4.54545454545
0.0680628272251
1.05263157895
0.684210526316
13.6363636364
4.54545454545
0.0680628272251
2.05263157895
0.684210526316
68.1818181818
54.5454545455
0.816753926702
10.2631578947
8.21052631579
31.1188811189
11.5384615385
0.17277486911
4.68421052632
1.73684210526
11-CCR
22.6628895184
20.1133144476
0.33023255814
13.3333333333
11.8333333333
19.2634560907
13.597733711
0.223255813953
11.3333333333
8.0
7.0821529745
5.94900849858
0.0976744186047
4.16666666667
3.5
6.23229461756
4.53257790368
0.0744186046512
3.66666666667
2.66666666667
12.7478753541
5.94900849858
0.0976744186047
7.5
3.5
56.0906515581
44.4759206799
0.73023255814
33.0
26.1666666667
43.342776204
16.4305949008
0.26976744186
25.5
9.66666666667
11-CCR
24.3186582809
20.0209643606
0.386639676113
5.94871794872
4.89743589744
18.8679245283
11.320754717
0.218623481781
4.61538461538
2.76923076923
8.071278826
7.54716981132
0.145748987854
1.97435897436
1.84615384615
6.39412997904
4.40251572327
0.085020242915
1.5641025641
1.07692307692
12.7882599581
3.03983228512
0.0587044534413
3.12820512821
0.74358974359
58.8050314465
43.605870021
0.842105263158
14.3846153846
10.6666666667
40.251572327
8.071278826
0.155870445344
9.84615384615
1.97435897436
11-CCR
35.3846153846
30.0
0.458823529412
13.1428571429
11.1428571429
13.0769230769
11.1538461538
0.170588235294
4.85714285714
4.14285714286
9.23076923077
7.69230769231
0.117647058824
3.42857142857
2.85714285714
3.46153846154
3.46153846154
0.0529411764706
1.28571428571
1.28571428571
16.9230769231
6.15384615385
0.0941176470588
6.28571428571
2.28571428571
62.6923076923
53.4615384615
0.817647058824
23.2857142857
19.8571428571
36.5384615385
11.1538461538
0.170588235294
13.5714285714
4.14285714286
11-CCR
36.0824742268
35.0515463918
0.520408163265
13.125
12.75
12.0274914089
10.3092783505
0.15306122449
4.375
3.75
6.18556701031
6.18556701031
0.0918367346939
2.25
2.25
2.0618556701
2.0618556701
0.030612244898
0.75
0.75
18.5567010309
6.87285223368
0.102040816327
6.75
2.5
59.4501718213
54.9828178694
0.816326530612
21.625
20.0
40.5498281787
12.3711340206
0.183673469388
14.75
4.5
11-CCR
27.7192982456
23.5087719298
0.374301675978
7.9
6.7
20.350877193
13.6842105263
0.217877094972
5.8
3.9
7.01754385965
6.31578947368
0.100558659218
2.0
1.8
2.80701754386
2.80701754386
0.0446927374302
0.8
0.8
16.4912280702
6.31578947368
0.100558659218
4.7
1.8
58.5964912281
46.6666666667
0.743016759777
16.7
13.3
41.4035087719
16.1403508772
0.256983240223
11.8
4.6
11-CCR
28.640776699
23.0582524272
0.402542372881
6.21052631579
5.0
15.5339805825
13.3495145631
0.233050847458
3.36842105263
2.89473684211
7.28155339806
5.58252427184
0.0974576271186
1.57894736842
1.21052631579
3.15533980583
2.66990291262
0.0466101694915
0.684210526316
0.578947368421
17.7184466019
6.79611650485
0.118644067797
3.84210526316
1.47368421053
56.5533980583
44.9029126214
0.783898305085
12.2631578947
9.73684210526
43.4466019417
12.8640776699
0.224576271186
9.42105263158
2.78947368421
11-CCR
28.2913165266
20.7282913165
0.341013824885
4.39130434783
3.21739130435
16.2464985994
12.8851540616
0.21198156682
2.52173913043
2.0
10.6442577031
8.68347338936
0.142857142857
1.65217391304
1.34782608696
5.60224089636
5.04201680672
0.0829493087558
0.869565217391
0.782608695652
14.5658263305
5.88235294118
0.0967741935484
2.26086956522
0.913043478261
61.0644257703
46.218487395
0.760368663594
9.47826086957
7.17391304348
38.6554621849
14.2857142857
0.235023041475
6.0
2.21739130435
11-CCR
31.8518518519
31.1111111111
0.449197860963
86.0
84.0
12.962962963
12.2222222222
0.176470588235
35.0
33.0
6.66666666667
6.66666666667
0.096256684492
18.0
18.0
4.07407407407
4.07407407407
0.0588235294118
11.0
11.0
16.6666666667
5.92592592593
0.0855614973262
45.0
16.0
55.5555555556
53.7037037037
0.775401069519
150.0
145.0
44.8148148148
16.2962962963
0.235294117647
121.0
44.0
11-CCR
29.2490118577
22.1343873518
0.405797101449
10.5714285714
8.0
12.2529644269
9.48616600791
0.173913043478
4.42857142857
3.42857142857
7.90513833992
7.11462450593
0.130434782609
2.85714285714
2.57142857143
3.55731225296
3.16205533597
0.0579710144928
1.28571428571
1.14285714286
17.3913043478
6.32411067194
0.115942028986
6.28571428571
2.28571428571
54.1501976285
41.8972332016
0.768115942029
19.5714285714
15.1428571429
45.8498023715
12.6482213439
0.231884057971
16.5714285714
4.57142857143
11-CCR
27.9245283019
21.5094339623
0.395833333333
6.72727272727
5.18181818182
15.0943396226
11.320754717
0.208333333333
3.63636363636
2.72727272727
5.28301886792
4.15094339623
0.0763888888889
1.27272727273
1.0
3.77358490566
3.01886792453
0.0555555555556
0.909090909091
0.727272727273
18.1132075472
6.03773584906
0.111111111111
4.36363636364
1.45454545455
53.5849056604
39.2452830189
0.722222222222
12.9090909091
9.45454545455
46.0377358491
15.0943396226
0.277777777778
11.0909090909
3.63636363636
11-CCR
27.5618374558
25.4416961131
0.413793103448
3.9
3.6
18.3745583039
12.3674911661
0.201149425287
2.6
1.75
7.06713780919
6.00706713781
0.0977011494253
1.0
0.85
3.88692579505
3.18021201413
0.051724137931
0.55
0.45
14.4876325088
6.71378091873
0.109195402299
2.05
0.95
57.2438162544
45.2296819788
0.735632183908
8.1
6.4
42.4028268551
15.9010600707
0.258620689655
6.0
2.25
11-CCR
20.7317073171
20.7317073171
0.25
8.5
8.5
18.2926829268
17.0731707317
0.205882352941
7.5
7.0
10.9756097561
10.9756097561
0.132352941176
4.5
4.5
3.65853658537
3.65853658537
0.0441176470588
1.5
1.5
14.6341463415
9.75609756098
0.117647058824
6.0
4.0
53.6585365854
52.4390243902
0.632352941176
22.0
21.5
46.3414634146
30.487804878
0.367647058824
19.0
12.5
11-CCR
27.9373368146
22.454308094
0.385650224215
5.94444444444
4.77777777778
13.8381201044
11.4882506527
0.19730941704
2.94444444444
2.44444444444
7.31070496084
6.00522193211
0.103139013453
1.55555555556
1.27777777778
5.74412532637
4.69973890339
0.0807174887892
1.22222222222
1.0
14.6214099217
3.91644908616
0.067264573991
3.11111111111
0.833333333333
56.9190600522
45.6919060052
0.784753363229
12.1111111111
9.72222222222
43.864229765
13.315926893
0.22869955157
9.33333333333
2.83333333333
11-CCR
21.8390804598
18.1609195402
0.30859375
2.87878787879
2.39393939394
16.5517241379
12.6436781609
0.21484375
2.18181818182
1.66666666667
12.6436781609
11.2643678161
0.19140625
1.66666666667
1.48484848485
5.74712643678
4.13793103448
0.0703125
0.757575757576
0.545454545455
13.7931034483
5.28735632184
0.08984375
1.81818181818
0.69696969697
57.2413793103
44.5977011494
0.7578125
7.54545454545
5.87878787879
41.1494252874
13.5632183908
0.23046875
5.42424242424
1.78787878788
11-CCR
23.9700374532
22.0973782772
0.333333333333
4.0
3.6875
18.3520599251
16.4794007491
0.248587570621
3.0625
2.75
7.49063670412
6.74157303371
0.101694915254
1.25
1.125
7.49063670412
6.3670411985
0.0960451977401
1.25
1.0625
14.9812734082
5.9925093633
0.090395480226
2.5
1.0
58.0524344569
51.3108614232
0.774011299435
9.6875
8.5625
41.9475655431
14.9812734082
0.225988700565
7.0
2.5
11-CCR
27.4900398406
26.2948207171
0.352941176471
4.05882352941
3.88235294118
15.9362549801
15.1394422311
0.20320855615
2.35294117647
2.23529411765
5.97609561753
5.97609561753
0.0802139037433
0.882352941176
0.882352941176
8.36653386454
6.37450199203
0.0855614973262
1.23529411765
0.941176470588
14.3426294821
7.56972111554
0.101604278075
2.11764705882
1.11764705882
59.3625498008
54.9800796813
0.737967914439
8.76470588235
8.11764705882
39.4422310757
18.7250996016
0.251336898396
5.82352941176
2.76470588235
11-CCR
29.2817679558
24.1515390687
0.501639344262
26.5
21.8571428571
15.7063930545
10.1026045777
0.209836065574
14.2142857143
9.14285714286
7.57695343331
6.31412786109
0.131147540984
6.85714285714
5.71428571429
3.15706393054
2.6045777427
0.0540983606557
2.85714285714
2.35714285714
19.7316495659
1.97316495659
0.0409836065574
17.8571428571
1.78571428571
56.1168113654
42.4625098658
0.881967213115
50.7857142857
38.4285714286
44.1199684294
6.15627466456
0.127868852459
39.9285714286
5.57142857143
11-CCR
26.1826182618
20.2420242024
0.428904428904
17.0
13.1428571429
15.8415841584
10.0110011001
0.212121212121
10.2857142857
6.5
8.36083608361
7.15071507151
0.151515151515
5.42857142857
4.64285714286
3.300330033
2.7502750275
0.0582750582751
2.14285714286
1.78571428571
19.5819581958
3.1903190319
0.0675990675991
12.7142857143
2.07142857143
54.2354235424
39.603960396
0.839160839161
35.2142857143
25.7142857143
45.9845984598
8.03080308031
0.170163170163
29.8571428571
5.21428571429
11-CCR
42.9824561404
38.5964912281
0.530120481928
6.125
5.5
9.64912280702
9.64912280702
0.132530120482
1.375
1.375
3.50877192982
3.50877192982
0.0481927710843
0.5
0.5
3.50877192982
2.63157894737
0.0361445783133
0.5
0.375
12.2807017544
5.26315789474
0.0722891566265
1.75
0.75
63.1578947368
57.0175438596
0.78313253012
9.0
8.125
38.5964912281
17.5438596491
0.240963855422
5.5
2.5
11-CCR
39.8340248963
35.6846473029
0.488636363636
19.2
17.2
13.2780082988
9.95850622407
0.136363636364
6.4
4.8
7.46887966805
6.63900414938
0.0909090909091
3.6
3.2
3.73443983402
2.90456431535
0.0397727272727
1.8
1.4
8.71369294606
4.97925311203
0.0681818181818
4.2
2.4
67.6348547718
56.4315352697
0.772727272727
32.6
27.2
31.9502074689
16.5975103734
0.227272727273
15.4
8.0
11-CCR
23.5324144972
18.7850944359
0.46057571965
15.3666666667
12.2666666667
15.1097498724
8.88208269525
0.217772215269
9.86666666667
5.8
7.09545686575
5.30883103624
0.130162703379
4.63333333333
3.46666666667
5.41092394079
2.80755487494
0.0688360450563
3.53333333333
1.83333333333
19.1934660541
2.45022970904
0.0600750938673
12.5333333333
1.6
51.8631955079
35.1710056151
0.862327909887
33.8666666667
22.9666666667
48.2388973966
6.12557427259
0.150187734668
31.5
4.0
11-CCR
27.34375
25.390625
0.355191256831
3.5
3.25
17.1875
15.234375
0.213114754098
2.2
1.95
10.546875
9.375
0.131147540984
1.35
1.2
3.125
2.734375
0.0382513661202
0.4
0.35
10.546875
5.078125
0.0710382513661
1.35
0.65
60.9375
55.46875
0.775956284153
7.8
7.1
40.234375
17.578125
0.245901639344
5.15
2.25
11-CCR
27.1762208068
23.1422505308
0.393501805054
6.09523809524
5.19047619048
16.3481953291
12.5265392781
0.212996389892
3.66666666667
2.80952380952
6.7940552017
6.15711252654
0.104693140794
1.52380952381
1.38095238095
7.00636942675
5.30785562633
0.0902527075812
1.57142857143
1.19047619048
16.5605095541
4.88322717622
0.0830324909747
3.71428571429
1.09523809524
57.9617834395
47.1337579618
0.801444043321
13.0
10.5714285714
40.5520169851
11.4649681529
0.194945848375
9.09523809524
2.57142857143
11-CCR
32.2580645161
24.7311827957
0.495689655172
50.0
38.3333333333
14.1935483871
9.4623655914
0.189655172414
22.0
14.6666666667
6.88172043011
5.59139784946
0.112068965517
10.6666666667
8.66666666667
3.44086021505
2.36559139785
0.0474137931034
5.33333333333
3.66666666667
18.7096774194
3.65591397849
0.073275862069
29.0
5.66666666667
57.4193548387
42.3655913978
0.849137931034
89.0
65.6666666667
43.4408602151
7.95698924731
0.159482758621
67.3333333333
12.3333333333
11-CCR
25.9481037924
19.6606786427
0.467378410439
6.04651162791
4.58139534884
16.3672654691
10.4291417166
0.247924080664
3.81395348837
2.43023255814
7.08582834331
5.43912175649
0.129300118624
1.6511627907
1.26744186047
5.03992015968
2.29540918164
0.0545670225386
1.17441860465
0.53488372093
16.3672654691
1.89620758483
0.0450771055753
3.81395348837
0.441860465116
54.9401197605
36.5269461078
0.868327402135
12.8023255814
8.51162790698
45.0099800399
5.88822355289
0.139976275208
10.488372093
1.37209302326
11-CCR
36.3076923077
32.3076923077
0.458515283843
9.83333333333
8.75
11.6923076923
9.84615384615
0.139737991266
3.16666666667
2.66666666667
10.4615384615
9.53846153846
0.135371179039
2.83333333333
2.58333333333
5.53846153846
4.30769230769
0.061135371179
1.5
1.16666666667
14.4615384615
6.76923076923
0.0960698689956
3.91666666667
1.83333333333
65.8461538462
56.6153846154
0.803493449782
17.8333333333
15.3333333333
35.0769230769
14.1538461538
0.200873362445
9.5
3.83333333333
11-CCR
54.2553191489
53.1914893617
0.581395348837
12.75
12.5
5.31914893617
5.31914893617
0.0581395348837
1.25
1.25
12.7659574468
12.7659574468
0.139534883721
3.0
3.0
2.12765957447
2.12765957447
0.0232558139535
0.5
0.5
9.57446808511
7.44680851064
0.0813953488372
2.25
1.75
81.914893617
77.6595744681
0.848837209302
19.25
18.25
22.3404255319
15.9574468085
0.174418604651
5.25
3.75
11-CCR
20.4968944099
15.0310559006
0.335180055402
5.32258064516
3.90322580645
18.2608695652
8.69565217391
0.193905817175
4.74193548387
2.25806451613
9.44099378882
7.70186335404
0.171745152355
2.45161290323
2.0
5.96273291925
3.35403726708
0.0747922437673
1.54838709677
0.870967741935
14.2857142857
3.10559006211
0.0692520775623
3.70967741935
0.806451612903
55.4037267081
34.6583850932
0.772853185596
14.3870967742
9.0
44.2236024845
10.4347826087
0.232686980609
11.4838709677
2.70967741935
11-CCR
29.0023201856
18.2134570766
0.359267734554
4.46428571429
2.80357142857
16.9373549884
10.788863109
0.212814645309
2.60714285714
1.66071428571
9.39675174014
8.00464037123
0.157894736842
1.44642857143
1.23214285714
8.00464037123
5.80046403712
0.114416475973
1.23214285714
0.892857142857
12.8770301624
3.48027842227
0.0686498855835
1.98214285714
0.535714285714
64.0371229698
42.4593967517
0.837528604119
9.85714285714
6.53571428571
39.5591647332
9.04872389791
0.178489702517
6.08928571429
1.39285714286
11-CCR
15.5339805825
13.1067961165
0.230769230769
8.0
6.75
20.3883495146
16.0194174757
0.282051282051
10.5
8.25
7.28155339806
7.28155339806
0.128205128205
3.75
3.75
8.73786407767
6.79611650485
0.119658119658
4.5
3.5
20.8737864078
6.79611650485
0.119658119658
10.75
3.5
51.9417475728
42.7184466019
0.752136752137
26.75
22.0
47.572815534
13.5922330097
0.239316239316
24.5
7.0
11-CCR
31.2684365782
17.6991150442
0.346820809249
9.63636363636
5.45454545455
15.9292035398
10.9144542773
0.21387283237
4.90909090909
3.36363636364
5.60471976401
5.60471976401
0.109826589595
1.72727272727
1.72727272727
5.89970501475
4.42477876106
0.0867052023121
1.81818181818
1.36363636364
17.1091445428
5.89970501475
0.115606936416
5.27272727273
1.81818181818
59.8820058997
37.4631268437
0.734104046243
18.4545454545
11.5454545455
40.1179941003
14.1592920354
0.277456647399
12.3636363636
4.36363636364
11-CCR
36.0110803324
32.4099722992
0.489539748954
16.25
14.625
12.188365651
9.97229916898
0.150627615063
5.5
4.5
11.6343490305
9.97229916898
0.150627615063
5.25
4.5
8.31024930748
3.87811634349
0.0585774058577
3.75
1.75
10.2493074792
4.70914127424
0.071129707113
4.625
2.125
68.1440443213
53.7396121884
0.811715481172
30.75
24.25
31.5789473684
13.0193905817
0.196652719665
14.25
5.875
11-CCR
21.9565217391
19.347826087
0.340996168582
4.39130434783
3.86956521739
19.5652173913
12.1739130435
0.214559386973
3.91304347826
2.4347826087
7.82608695652
7.60869565217
0.134099616858
1.5652173913
1.52173913043
6.52173913043
4.5652173913
0.0804597701149
1.30434782609
0.913043478261
13.6956521739
4.34782608696
0.0766283524904
2.73913043478
0.869565217391
56.3043478261
43.6956521739
0.770114942529
11.2608695652
8.73913043478
41.7391304348
13.0434782609
0.229885057471
8.34782608696
2.60869565217
11-CCR
25.8865248227
19.8581560284
0.304347826087
1.6976744186
1.3023255814
19.1489361702
15.6028368794
0.239130434783
1.25581395349
1.02325581395
9.57446808511
8.15602836879
0.125
0.627906976744
0.53488372093
9.21985815603
7.09219858156
0.108695652174
0.604651162791
0.46511627907
11.7021276596
5.67375886525
0.0869565217391
0.767441860465
0.372093023256
65.2482269504
50.0
0.766304347826
4.27906976744
3.27906976744
36.524822695
16.6666666667
0.255434782609
2.39534883721
1.09302325581
11-CCR
25.1769464105
21.5369059656
0.423459244533
5.53333333333
4.73333333333
16.380182002
10.8190091001
0.212723658052
3.6
2.37777777778
9.40343781598
7.98786653185
0.157057654076
2.06666666667
1.75555555556
5.46006066734
2.62891809909
0.051689860835
1.2
0.577777777778
15.5712841254
2.73003033367
0.0536779324056
3.42222222222
0.6
57.0273003033
42.6693629929
0.838966202783
12.5333333333
9.37777777778
42.9726996967
8.39231547017
0.165009940358
9.44444444444
1.84444444444
11-CCR
29.5154185022
18.5022026432
0.311111111111
5.15384615385
3.23076923077
14.9779735683
11.4537444934
0.192592592593
2.61538461538
2.0
7.9295154185
7.48898678414
0.125925925926
1.38461538462
1.30769230769
6.16740088106
4.84581497797
0.0814814814815
1.07692307692
0.846153846154
16.2995594714
7.48898678414
0.125925925926
2.84615384615
1.30769230769
59.4713656388
42.731277533
0.718518518519
10.3846153846
7.46153846154
40.0881057269
16.7400881057
0.281481481481
7.0
2.92307692308
11-CCR
27.6422764228
24.3902439024
0.340909090909
34.0
30.0
12.1951219512
11.3821138211
0.159090909091
15.0
14.0
11.3821138211
9.75609756098
0.136363636364
14.0
12.0
4.87804878049
4.06504065041
0.0568181818182
6.0
5.0
16.2601626016
8.13008130081
0.113636363636
20.0
10.0
56.9105691057
50.406504065
0.704545454545
70.0
62.0
43.0894308943
21.9512195122
0.306818181818
53.0
27.0
11-CCR
27.6119402985
25.3731343284
0.386363636364
13.875
12.75
17.6616915423
14.9253731343
0.227272727273
8.875
7.5
5.72139303483
5.72139303483
0.0871212121212
2.875
2.875
6.21890547264
5.47263681592
0.0833333333333
3.125
2.75
15.671641791
6.46766169154
0.0984848484848
7.875
3.25
57.7114427861
51.7412935323
0.787878787879
29.0
26.0
42.039800995
13.9303482587
0.212121212121
21.125
7.0
11-CCR
27.6595744681
23.4042553191
0.377142857143
3.9
3.3
17.0212765957
13.829787234
0.222857142857
2.4
1.95
9.57446808511
7.09219858156
0.114285714286
1.35
1.0
4.25531914894
3.90070921986
0.0628571428571
0.6
0.55
14.5390070922
5.67375886525
0.0914285714286
2.05
0.8
58.5106382979
47.5177304965
0.765714285714
8.25
6.7
41.4893617021
14.5390070922
0.234285714286
5.85
2.05
11-CCR
25.5220417633
20.8816705336
0.381355932203
18.3333333333
15.0
17.4013921114
11.1368909513
0.203389830508
12.5
8.0
6.49651972158
6.03248259861
0.110169491525
4.66666666667
4.33333333333
5.56844547564
3.94431554524
0.0720338983051
4.0
2.83333333333
16.2412993039
4.87238979118
0.0889830508475
11.6666666667
3.5
56.1484918794
42.4593967517
0.775423728814
40.3333333333
30.5
44.3155452436
12.7610208817
0.233050847458
31.8333333333
9.16666666667
11-CCR
32.8947368421
29.8245614035
0.433121019108
8.33333333333
7.55555555556
14.0350877193
11.4035087719
0.165605095541
3.55555555556
2.88888888889
9.21052631579
8.33333333333
0.12101910828
2.33333333333
2.11111111111
2.19298245614
2.19298245614
0.031847133758
0.555555555556
0.555555555556
14.4736842105
6.14035087719
0.0891719745223
3.66666666667
1.55555555556
61.8421052632
54.8245614035
0.796178343949
15.6666666667
13.8888888889
37.2807017544
13.1578947368
0.191082802548
9.44444444444
3.33333333333
11-CCR
37.4331550802
29.4117647059
0.423076923077
11.6666666667
9.16666666667
17.6470588235
15.5080213904
0.223076923077
5.5
4.83333333333
6.95187165775
5.88235294118
0.0846153846154
2.16666666667
1.83333333333
6.95187165775
5.88235294118
0.0846153846154
2.16666666667
1.83333333333
12.2994652406
5.34759358289
0.0769230769231
3.83333333333
1.66666666667
68.9839572193
55.614973262
0.8
21.5
17.3333333333
29.9465240642
12.8342245989
0.184615384615
9.33333333333
4.0
11-CCR
35.7142857143
35.7142857143
0.416666666667
30.0
30.0
14.2857142857
11.9047619048
0.138888888889
12.0
10.0
9.52380952381
9.52380952381
0.111111111111
8.0
8.0
10.7142857143
10.7142857143
0.125
9.0
9.0
10.7142857143
8.33333333333
0.0972222222222
9.0
7.0
70.2380952381
67.8571428571
0.791666666667
59.0
57.0
29.7619047619
19.0476190476
0.222222222222
25.0
16.0
11-CCR
23.1034482759
18.9655172414
0.336391437309
6.7
5.5
17.0689655172
13.4482758621
0.238532110092
4.95
3.9
7.93103448276
7.06896551724
0.125382262997
2.3
2.05
8.10344827586
5.34482758621
0.0948012232416
2.35
1.55
14.3103448276
4.65517241379
0.0825688073394
4.15
1.35
56.5517241379
44.3103448276
0.785932721713
16.4
12.85
41.2068965517
11.724137931
0.207951070336
11.95
3.4
11-CCR
22.7272727273
17.1328671329
0.308176100629
2.5
1.88461538462
19.2307692308
12.9370629371
0.232704402516
2.11538461538
1.42307692308
6.99300699301
6.99300699301
0.125786163522
0.769230769231
0.769230769231
4.1958041958
3.14685314685
0.0566037735849
0.461538461538
0.346153846154
12.9370629371
5.24475524476
0.0943396226415
1.42307692308
0.576923076923
53.1468531469
38.1118881119
0.685534591195
5.84615384615
4.19230769231
46.8531468531
17.8321678322
0.320754716981
5.15384615385
1.96153846154
11-CCR
23.9952718676
16.9030732861
0.380319148936
6.15151515152
4.33333333333
17.7304964539
9.57446808511
0.215425531915
4.54545454545
2.45454545455
6.61938534279
5.67375886525
0.127659574468
1.69696969697
1.45454545455
6.3829787234
4.01891252955
0.0904255319149
1.63636363636
1.0303030303
16.548463357
2.83687943262
0.063829787234
4.24242424242
0.727272727273
55.5555555556
35.8156028369
0.80585106383
14.2424242424
9.18181818182
44.5626477541
8.98345153664
0.202127659574
11.4242424242
2.30303030303
11-CCR
43.0555555556
26.0416666667
0.551470588235
41.3333333333
25.0
7.11805555556
5.38194444444
0.113970588235
6.83333333333
5.16666666667
11.1111111111
6.59722222222
0.139705882353
10.6666666667
6.33333333333
2.43055555556
1.5625
0.0330882352941
2.33333333333
1.5
16.8402777778
2.95138888889
0.0625
16.1666666667
2.83333333333
68.2291666667
41.3194444444
0.875
65.5
39.6666666667
34.2013888889
6.25
0.132352941176
32.8333333333
6.0
11-CCR
29.8507462687
28.3582089552
0.333333333333
20.0
19.0
13.4328358209
11.9402985075
0.140350877193
9.0
8.0
13.4328358209
10.447761194
0.122807017544
9.0
7.0
0.0
0.0
0.0
0.0
0.0
16.4179104478
14.9253731343
0.175438596491
11.0
10.0
56.7164179104
50.7462686567
0.59649122807
38.0
34.0
43.2835820896
34.328358209
0.40350877193
29.0
23.0
11-CCR
23.0946882217
19.2840646651
0.383027522936
5.71428571429
4.77142857143
17.6674364896
11.662817552
0.231651376147
4.37142857143
2.88571428571
7.04387990762
6.12009237875
0.121559633028
1.74285714286
1.51428571429
7.04387990762
5.19630484988
0.103211009174
1.74285714286
1.28571428571
17.3210161663
3.46420323326
0.0688073394495
4.28571428571
0.857142857143
55.0808314088
41.454965358
0.823394495413
13.6285714286
10.2571428571
44.3418013857
8.77598152425
0.174311926606
10.9714285714
2.17142857143
11-CCR
25.0
23.6111111111
0.283333333333
4.5
4.25
19.4444444444
19.4444444444
0.233333333333
3.5
3.5
5.55555555556
5.55555555556
0.0666666666667
1.0
1.0
11.1111111111
8.33333333333
0.1
2.0
1.5
5.55555555556
5.55555555556
0.0666666666667
1.0
1.0
62.5
58.3333333333
0.7
11.25
10.5
33.3333333333
22.2222222222
0.266666666667
6.0
4.0
11-CCR
32.1033210332
23.9852398524
0.361111111111
12.4285714286
9.28571428571
11.0701107011
11.0701107011
0.166666666667
4.28571428571
4.28571428571
13.6531365314
11.0701107011
0.166666666667
5.28571428571
4.28571428571
4.42804428044
4.42804428044
0.0666666666667
1.71428571429
1.71428571429
15.8671586716
7.74907749077
0.116666666667
6.14285714286
3.0
63.4686346863
50.5535055351
0.761111111111
24.5714285714
19.5714285714
34.6863468635
14.7601476015
0.222222222222
13.4285714286
5.71428571429
11-CCR
26.872246696
22.4669603524
0.342281879195
6.1
5.1
13.2158590308
11.4537444934
0.174496644295
3.0
2.6
11.8942731278
11.013215859
0.167785234899
2.7
2.5
6.16740088106
6.16740088106
0.0939597315436
1.4
1.4
18.5022026432
6.16740088106
0.0939597315436
4.2
1.4
59.9118942731
51.1013215859
0.778523489933
13.6
11.6
40.5286343612
14.9779735683
0.228187919463
9.2
3.4
11-CCR
33.3333333333
31.9444444444
0.377049180328
24.0
23.0
15.2777777778
11.1111111111
0.131147540984
11.0
8.0
9.72222222222
9.72222222222
0.114754098361
7.0
7.0
4.16666666667
4.16666666667
0.0491803278689
3.0
3.0
9.72222222222
9.72222222222
0.114754098361
7.0
7.0
62.5
56.9444444444
0.672131147541
45.0
41.0
36.1111111111
26.3888888889
0.311475409836
26.0
19.0
11-CCR
26.1251372119
20.6366630077
0.416851441242
10.347826087
8.17391304348
13.9407244786
9.22063666301
0.186252771619
5.52173913043
3.65217391304
10.9769484083
8.67178924259
0.175166297118
4.34782608696
3.4347826087
6.36663007684
4.06147091109
0.0820399113082
2.52173913043
1.60869565217
12.9527991218
3.51262349067
0.0709534368071
5.13043478261
1.39130434783
58.0680570801
41.6026344676
0.840354767184
23.0
16.4782608696
41.9319429199
8.34248079034
0.168514412417
16.6086956522
3.30434782609
11-CCR
27.2171253823
24.4648318043
0.384615384615
7.41666666667
6.66666666667
14.0672782875
9.78593272171
0.153846153846
3.83333333333
2.66666666667
14.0672782875
12.5382262997
0.197115384615
3.83333333333
3.41666666667
7.03363914373
4.89296636086
0.0769230769231
1.91666666667
1.33333333333
14.373088685
5.19877675841
0.0817307692308
3.91666666667
1.41666666667
63.3027522936
51.376146789
0.807692307692
17.25
14.0
36.3914373089
12.8440366972
0.201923076923
9.91666666667
3.5
11-CCR
24.9201277955
22.0447284345
0.348484848485
7.09090909091
6.27272727273
17.8913738019
10.2236421725
0.161616161616
5.09090909091
2.90909090909
8.94568690096
8.30670926518
0.131313131313
2.54545454545
2.36363636364
7.3482428115
5.43130990415
0.0858585858586
2.09090909091
1.54545454545
16.2939297125
7.02875399361
0.111111111111
4.63636363636
2.0
61.661341853
47.9233226837
0.757575757576
17.5454545455
13.6363636364
38.6581469649
15.9744408946
0.252525252525
11.0
4.54545454545
11-CCR
36.8644067797
30.0847457627
0.401129943503
6.69230769231
5.46153846154
13.5593220339
11.4406779661
0.152542372881
2.46153846154
2.07692307692
12.2881355932
12.2881355932
0.16384180791
2.23076923077
2.23076923077
6.77966101695
6.35593220339
0.0847457627119
1.23076923077
1.15384615385
12.7118644068
5.08474576271
0.0677966101695
2.30769230769
0.923076923077
69.9152542373
60.1694915254
0.802259887006
12.6923076923
10.9230769231
29.6610169492
14.406779661
0.19209039548
5.38461538462
2.61538461538
11-CCR
24.6231155779
23.6180904523
0.311258278146
49.0
47.0
21.1055276382
19.0954773869
0.251655629139
42.0
38.0
7.53768844221
7.53768844221
0.0993377483444
15.0
15.0
4.52261306533
3.5175879397
0.046357615894
9.0
7.0
14.0703517588
8.04020100503
0.105960264901
28.0
16.0
59.7989949749
55.2763819095
0.728476821192
119.0
110.0
38.6934673367
19.0954773869
0.251655629139
77.0
38.0
11-CCR
26.0442260442
22.3587223587
0.361111111111
13.25
11.375
13.5135135135
10.5651105651
0.170634920635
6.875
5.375
12.5307125307
12.285012285
0.198412698413
6.375
6.25
5.15970515971
4.6683046683
0.0753968253968
2.625
2.375
17.4447174447
5.40540540541
0.0873015873016
8.875
2.75
58.230958231
50.3685503686
0.813492063492
29.625
25.625
40.0491400491
11.0565110565
0.178571428571
20.375
5.625
11-CCR
37.7289377289
34.7985347985
0.482233502538
4.68181818182
4.31818181818
17.5824175824
13.5531135531
0.187817258883
2.18181818182
1.68181818182
4.0293040293
4.0293040293
0.0558375634518
0.5
0.5
4.7619047619
4.0293040293
0.0558375634518
0.590909090909
0.5
10.989010989
5.12820512821
0.0710659898477
1.36363636364
0.636363636364
65.5677655678
56.4102564103
0.781725888325
8.13636363636
7.0
34.4322344322
15.7509157509
0.218274111675
4.27272727273
1.95454545455
11-CCR
