2.5625
81.25
4.33333333333
5.875
19.6910333333
5.33333333333
16.7275
16
1
2.4
80.0
4.0
5.46666666667
19.6745
5.0
14.68
15
1
2.4
86.6666666667
3.25
5.66666666667
19.6125
3.75
14.1925
15
1
2.17647058824
76.4705882353
4.33333333333
5.41176470588
19.7075666667
5.66666666667
12.3023529412
17
1
2.15384615385
76.9230769231
5.0
5.0
19.7489
6.5
12.3603846154
13
1
1.88888888889
66.6666666667
6.0
4.66666666667
19.8729
9.0
10.2088888889
18
1
1.53846153846
57.6923076923
2.14285714286
4.19230769231
19.6107285714
3.71428571429
4.01241758242
26
1
1.625
62.5
3.0
4.0
19.66458
4.8
5.457
24
1
1.63636363636
54.5454545455
1.71428571429
4.0
19.5823857143
3.14285714286
4.94480519481
22
1
1.66666666667
66.6666666667
2.57142857143
4.25925925926
19.6178142857
3.85714285714
5.58095238095
27
1
2.0
69.2307692308
2.25
5.53846153846
19.5877
3.25
9.2775
13
1
2.42857142857
85.7142857143
3.0
5.35714285714
19.6001
3.5
14.4321428571
14
1
2.2
80.0
4.0
5.4
19.6745
5.0
12.32
15
1
1.76923076923
69.2307692308
3.0
4.53846153846
19.6414333333
4.33333333333
6.97692307692
13
1
2.26666666667
80.0
2.4
5.66666666667
19.5753
3.0
12.3266666667
15
1
1.58823529412
52.9411764706
2.25
4.11764705882
19.6373
4.25
4.80867647059
17
1
2.16666666667
83.3333333333
2.0
5.5
19.54554
2.4
10.9126666667
12
1
2.125
81.25
2.6
5.1875
19.58522
3.2
10.733
16
1
2.3125
81.25
3.25
5.75
19.6249
4.0
13.2575
16
1
1.86666666667
66.6666666667
3.33333333333
4.26666666667
19.6745
5.0
8.38666666667
15
1
2.29268292683
73.1707317073
10.0
5.39024390244
20.1043666667
13.6666666667
16.7936585366
41
3
2.3
72.0
9.0
5.54
20.0465
12.5
16.425
50
3
2.34
80.0
4.44444444444
5.84
19.7020555556
5.55555555556
14.1886666667
50
3
2.55769230769
69.2307692308
5.14285714286
6.21153846154
19.7949571429
7.42857142857
17.4879120879
52
3
2.25454545455
69.0909090909
5.42857142857
5.2
19.8162142857
7.85714285714
14.0779220779
55
3
2.10909090909
69.0909090909
5.42857142857
5.34545454545
19.8162142857
7.85714285714
12.3615584416
55
3
2.37037037037
72.2222222222
5.57142857143
5.7962962963
19.8091285714
7.71428571429
15.3889417989
54
3
2.41666666667
78.3333333333
9.4
5.93333333333
20.0217
12.0
17.6066666667
60
3
2.29824561404
78.9473684211
6.42857142857
5.80701754386
19.8303857143
8.14285714286
14.7050125313
57
3
2.71186440678
83.0508474576
8.16666666667
6.49152542373
19.9142333333
9.83333333333
20.245
59
3
2.61016949153
77.9661016949
7.66666666667
6.37288135593
19.9142333333
9.83333333333
19.045
59
3
2.30952380952
69.0476190476
4.83333333333
5.52380952381
19.7737
7.0
14.3923809524
42
3
2.28301886792
77.358490566
5.85714285714
5.39622641509
19.8020428571
7.57142857143
14.3024797844
53
3
2.49090909091
74.5454545455
8.2
5.92727272727
19.9721
11.0
18.0927272727
55
3
2.45652173913
82.6086956522
7.6
5.5652173913
19.88282
9.2
16.9849565217
46
3
2.17307692308
69.2307692308
7.2
5.73076923077
19.94234
10.4
14.1083076923
52
3
2.6
82.2222222222
7.4
6.04444444444
19.8729
9.0
18.6
45
3
2.11320754717
64.1509433962
3.4
5.41509433962
19.68938
5.3
11.4128490566
53
3
2.01754385965
63.1578947368
5.14285714286
5.40350877193
19.8303857143
8.14285714286
11.3927318296
57
3
2.42592592593
81.4814814815
7.33333333333
5.77777777778
19.8729
9.0
16.5459259259
54
3
2.01785714286
66.0714285714
6.16666666667
5.10714285714
19.8894333333
9.33333333333
11.8607142857
56
3
2.296875
79.6875
5.66666666667
5.5
19.7792111111
7.11111111111
14.2864583333
64
3
2.09090909091
68.1818181818
7.5
5.18181818182
19.9721
11.0
13.3727272727
44
3
2.38888888889
75.9259259259
8.2
5.7037037037
19.96218
10.8
16.8108888889
54
3
2.15730337079
64.0449438202
5.7
5.40449438202
19.86794
8.9
13.3371797753
89
6
2.58333333333
73.9583333333
5.46153846154
6.3125
19.7927769231
7.38461538462
17.7733333333
96
6
2.32038834951
74.7572815534
7.0
5.90291262136
19.8909363636
9.36363636364
15.4424007061
103
6
2.56862745098
79.4117647059
9.0
6.44117647059
19.9886333333
11.3333333333
19.1398039216
102
6
2.45238095238
76.9841269841
12.125
6.03174603175
20.2077
15.75
19.4905952381
126
6
2.20143884892
73.381294964
10.2
5.26618705036
20.11594
13.9
15.8079784173
139
6
2.27433628319
70.796460177
6.15384615385
5.32743362832
19.8576384615
8.69230769231
14.6371681416
113
6
2.0
65.9090909091
5.11764705882
4.87121212121
19.8116294118
7.76470588235
11.0382352941
132
6
2.21212121212
73.7373737374
14.6
5.49494949495
20.40858
19.8
18.235030303
99
6
2.34905660377
70.7547169811
6.25
5.54716981132
19.8646333333
8.83333333333
15.5738679245
106
6
2.20560747664
64.4859813084
9.85714285714
5.54205607477
20.1846714286
15.2857142857
16.3975967957
107
6
2.34821428571
65.1785714286
10.4285714286
5.71428571429
20.2201
16.0
18.3589285714
112
6
2.15789473684
68.4210526316
8.66666666667
5.28070175439
20.0547666667
12.6666666667
14.8131578947
114
6
2.23387096774
68.5483870968
17.0
5.36290322581
20.65658
24.8
20.4416774194
124
6
2.49514563107
75.7281553398
15.6
6.0
20.44826
20.6
21.8867184466
103
6
2.33628318584
74.3362831858
7.63636363636
5.62831858407
19.9360272727
10.2727272727
15.9845052293
113
6
2.35135135135
72.972972973
5.78571428571
5.72972972973
19.8197571429
7.92857142857
15.2480888031
111
6
2.68817204301
69.8924731183
21.6666666667
6.16129032258
20.9641
31.0
28.2204301075
93
6
1.93636363636
61.8181818182
6.18181818182
4.89090909091
19.9225
10.0
11.1590909091
110
6
2.55660377358
73.5849056604
9.75
6.16981132075
20.0837
13.25
19.7454245283
106
6
2.44444444444
75.7575757576
9.375
5.86868686869
20.0403
12.375
18.0806944444
99
6
2.22222222222
69.4444444444
8.33333333333
5.46296296296
20.0217
12.0
15.3122222222
108
6
2.12037037037
63.8888888889
6.27272727273
5.0
19.9134818182
9.81818181818
13.2594612795
108
6
2.48936170213
73.4042553191
5.75
5.96808510638
19.8150333333
7.83333333333
16.8394680851
94
6
2.31481481481
72.2222222222
6.5
5.67592592593
19.8729
9.0
15.2348148148
108
6
2.35849056604
76.4150943396
10.125
5.68867924528
20.0837
13.25
17.4076886792
106
6
2.17592592593
71.2962962963
7.0
5.25925925926
19.9134818182
9.81818181818
13.915016835
108
6
2.50943396226
66.0377358491
14.0
6.03773584906
20.47802
21.2
22.2893207547
106
6
2.53174603175
72.2222222222
11.375
6.0873015873
20.2077
15.75
20.4271031746
126
6
2.04273504274
61.5384615385
10.2857142857
4.97435897436
20.2555285714
16.7142857143
15.0328449328
117
6
2.03738317757
58.8785046729
9.0
4.76635514019
20.1846714286
15.2857142857
14.4125500668
107
6
2.32727272727
70.0
11.0
5.92727272727
20.2059285714
15.7142857143
18.0003896104
110
6
1.93805309735
61.0619469027
6.9
4.99115044248
19.98698
11.3
11.6860265487
113
6
2.42307692308
73.0769230769
9.5
6.01923076923
20.0713
13.0
18.0723076923
104
6
2.42016806723
73.9495798319
11.0
5.8487394958
20.1643
14.875
18.7692331933
119
6
2.00952380952
67.619047619
8.875
4.8380952381
20.0775
13.125
13.2411309524
105
6
2.40740740741
77.7777777778
16.8
5.93518518519
20.49786
21.6
21.2414074074
108
6
2.64285714286
73.2142857143
7.6875
6.24404761905
19.9473
10.5
19.6907142857
168
6
1.85593220339
57.6271186441
8.5
4.5
20.1581
14.75
12.0625
118
6
2.38709677419
69.8924731183
7.22222222222
5.64516129032
19.9390333333
10.3333333333
16.6077419355
93
6
1.90909090909
60.9090909091
11.1666666667
4.73636363636
20.3358333333
18.3333333333
14.0872727273
110
6
2.20388349515
68.932038835
5.91666666667
5.55339805825
19.8522333333
8.58333333333
13.7633252427
103
6
2.2962962963
72.2222222222
7.09090909091
5.62037037037
19.9134818182
9.81818181818
15.3353872054
108
6
2.51785714286
66.9642857143
15.0
6.02678571429
20.53754
22.4
22.8567142857
112
6
2.07438016529
66.1157024793
4.70588235294
5.0826446281
19.7795352941
7.11764705882
11.6635683034
121
6
2.35
71.0
17.75
5.74
20.6665
25.0
21.89
100
6
2.28409090909
70.4545454545
8.85714285714
5.93181818182
20.0500428571
12.5714285714
16.2651298701
88
6
2.20689655172
66.3793103448
12.8333333333
5.37068965517
20.3854333333
19.3333333333
17.9913793103
116
6
2.40186915888
73.8317757009
7.18181818182
6.1214953271
19.9089727273
9.72727272727
16.5456924384
107
6
2.57446808511
74.4680851064
17.5
6.46808510638
20.5921
23.5
23.9537234043
94
6
2.26666666667
70.8333333333
12.1428571429
5.425
20.2767857143
17.1428571429
17.8423809524
120
6
1.92173913043
63.4782608696
18.25
4.70434782609
20.8525
28.75
18.2990217391
115
6
2.46846846847
74.7747747748
8.3
5.68468468468
19.97706
11.1
17.8669279279
111
6
2.33009708738
70.8737864078
7.3
5.81553398058
19.93738
10.3
15.9221456311
103
6
2.40816326531
68.3673469388
11.1666666667
5.80612244898
20.2366333333
16.3333333333
19.1963265306
98
6
2.08181818182
64.5454545455
10.1428571429
5.20909090909
20.2059285714
15.7142857143
15.104025974
110
6
2.14285714286
60.7142857143
8.5
5.39285714286
20.1209
14.0
15.1557142857
112
6
1.94392523364
58.8785046729
7.875
4.77570093458
20.0899
13.375
12.564567757
107
6
2.12037037037
68.5185185185
7.4
5.36111111111
19.96218
10.8
13.6423703704
108
6
2.552
72.8
18.2
6.264
20.6665
25.0
24.2736
125
6
2.70642201835
72.4770642202
13.1666666667
6.69724770642
20.3275666667
18.1666666667
23.4307798165
109
6
2.65420560748
73.8317757009
9.875
6.1214953271
20.0899
13.375
20.9458761682
107
6
2.36036036036
69.3693693694
25.6666666667
5.78378378378
21.2617
37.0
26.6922522523
111
6
2.42519685039
74.0157480315
9.4
5.64566929134
20.05642
12.7
17.9803228346
127
6
1.81481481481
60.1851851852
7.22222222222
4.36111111111
20.0217
12.0
10.5048148148
108
6
2.05555555556
62.962962963
11.3333333333
5.05555555556
20.3193
18.0
15.6855555556
108
6
2.17647058824
69.7478991597
6.91666666667
5.57983193277
19.9183666667
9.91666666667
13.9598529412
119
6
1.87272727273
61.8181818182
13.6
4.6
20.5177
22.0
15.0881818182
110
6
2.40458015267
72.5190839695
13.5714285714
5.86259541985
20.3547285714
18.7142857143
20.0826172301
131
6
2.14563106796
65.0485436893
16.75
5.08737864078
20.7037
25.75
19.7709466019
103
6
2.16981132075
74.5283018868
7.18181818182
5.32075471698
19.9044636364
9.63636363636
13.7719554031
106
6
2.40566037736
79.2452830189
7.63636363636
5.80188679245
19.9044636364
9.63636363636
16.554974271
106
6
2.22105263158
75.7894736842
10.2857142857
5.61052631579
20.0996428571
13.5714285714
15.9112781955
95
6
2.30508474576
75.4237288136
8.09090909091
5.66101694915
19.9585727273
10.7272727273
15.7936363636
118
6
2.63963963964
81.0810810811
15.0
6.45945945946
20.3441
18.5
22.7727477477
111
6
2.20792079208
73.2673267327
10.5714285714
5.40594059406
20.1421571429
14.4285714286
16.0906082037
101
6
2.30172413793
72.4137931034
7.63636363636
5.6724137931
19.9495545455
10.5454545455
15.6830721003
116
6
2.24561403509
70.1754385965
8.0
5.43859649123
19.99194
11.4
15.354245614
114
6
2.10619469027
65.4867256637
12.3333333333
5.3982300885
20.3606333333
18.8333333333
16.6080973451
113
6
2.65833333333
76.6666666667
15.3333333333
6.0
20.4185
20.0
23.5783333333
120
6
2.40707964602
72.5663716814
8.2
5.48672566372
19.98698
11.3
17.220539823
113
6
2.4132231405
74.3801652893
10.0
5.72727272727
20.0933444444
13.4444444444
18.1293663912
121
6
2.23571428571
70.0
8.16666666667
5.42857142857
20.0051666667
11.6666666667
15.3414285714
140
6
2.35849056604
71.6981132075
8.44444444444
5.59433962264
20.0106777778
11.7777777778
16.8335220126
106
6
2.28712871287
66.3366336634
5.15384615385
5.45544554455
19.8118538462
7.76923076923
14.4281188119
101
6
2.51648351648
73.6263736264
8.375
6.04395604396
19.9907
11.375
18.5407554945
91
6
2.21538461538
69.2307692308
5.625
5.58461538462
19.8295
8.125
13.7202884615
65
6
1.99082568807
54.128440367
8.42857142857
4.85321100917
20.1988428571
15.5714285714
13.9746002621
109
6
2.46728971963
76.6355140187
7.45454545455
5.91588785047
19.9089727273
9.72727272727
17.3176550552
107
6
2.27272727273
74.5454545455
9.11111111111
5.34545454545
20.0327222222
12.2222222222
15.9948484848
110
6
2.10619469027
64.6017699115
8.11111111111
5.06194690265
20.0492555556
12.5555555556
14.1597640118
113
6
2.63063063063
72.972972973
7.36363636364
6.05405405405
19.9270090909
10.0909090909
19.3868959869
111
6
2.18181818182
70.7070707071
5.38461538462
5.23232323232
19.8042230769
7.61538461538
13.1254545455
99
6
2.61061946903
79.6460176991
9.0
6.2389380531
19.98698
11.3
19.6223097345
113
6
2.53703703704
75.9259259259
5.85714285714
6.18518518519
19.8091285714
7.71428571429
17.3556084656
108
6
2.36752136752
74.358974359
6.69230769231
5.83760683761
19.8729
9.0
15.8567521368
117
6
2.42105263158
70.1754385965
8.88888888889
5.73684210526
20.0547666667
12.6666666667
17.9184210526
114
6
2.20555555556
62.7777777778
12.5555555556
5.39444444444
20.4185
20.0
18.2355555556
180
9
2.48538011696
77.1929824561
11.0
6.26900584795
20.1333
14.25
19.2949853801
171
9
2.54913294798
73.4104046243
8.46666666667
6.1098265896
19.9985533333
11.5333333333
18.9877687861
173
9
2.38554216867
68.6746987952
14.25
5.87951807229
20.4557
20.75
20.6518975904
166
9
2.47457627119
70.0564971751
24.8
5.94350282486
21.18234
35.4
27.416
177
9
2.17415730337
70.2247191011
13.8888888889
5.34269662921
20.4074777778
19.7777777778
17.7783895131
178
9
2.24175824176
68.1318681319
13.7777777778
5.73076923077
20.4295222222
20.2222222222
18.7494139194
182
9
2.56547619048
73.2142857143
12.3
6.20238095238
20.25978
16.8
21.2346190476
168
9
2.55294117647
76.4705882353
10.8333333333
6.27058823529
20.1291666667
14.1666666667
20.0597058824
170
9
2.07547169811
61.6352201258
10.8888888889
4.88679245283
20.3027666667
17.6666666667
15.7905660377
159
9
2.24698795181
71.0843373494
13.1111111111
5.72289156627
20.3413444444
18.4444444444
18.1177911647
166
9
2.61714285714
72.5714285714
11.5454545455
6.30857142857
20.2155909091
15.9090909091
21.4968311688
175
9
2.1581920904
65.5367231638
11.6
5.32768361582
20.30442
17.7
16.7796666667
177
9
2.49720670391
75.4189944134
15.0
6.02793296089
20.4129888889
19.8888888889
21.6337057728
179
9
2.47428571429
69.7142857143
24.4
5.91428571429
21.1625
35.0
27.2565714286
175
9
2.28651685393
65.1685393258
7.73333333333
5.8595505618
20.0150866667
11.8666666667
16.0188988764
178
9
2.37572254335
61.8497109827
17.8333333333
5.5549132948
20.8566333333
28.8333333333
23.6885260116
173
9
2.24096385542
67.4698795181
18.6666666667
5.4156626506
20.7987666667
27.6666666667
21.643373494
166
9
2.31111111111
68.3333333333
9.46153846154
5.92222222222
20.1132692308
13.8461538462
17.0811111111
180
9
2.41764705882
68.2352941176
14.5
5.78235294118
20.4805
21.25
21.2257352941
170
9
2.88764044944
73.0337078652
13.0
6.57865168539
20.30938
17.8
25.4261573034
178
9
2.64285714286
69.7802197802
12.7
6.31318681319
20.32922
18.2
22.6937142857
182
9
2.82208588957
77.3006134969
15.75
6.84049079755
20.4371
20.375
25.6568634969
163
9
2.93567251462
77.1929824561
16.5
6.93567251462
20.4867
21.375
27.3871856725
171
9
2.6
78.75
31.5
6.26875
21.4105
40.0
30.69
160
9
2.47457627119
76.2711864407
12.2727272727
5.94350282486
20.2246090909
16.0909090909
19.8854545455
177
9
2.49717514124
75.7062146893
8.93333333333
6.07344632768
20.01178
11.8
18.4786666667
177
9
2.14525139665
62.5698324022
16.0
5.2905027933
20.6948428571
25.5714285714
19.6968236233
179
9
2.0782122905
63.1284916201
14.125
4.97206703911
20.5363
22.375
17.6591550279
179
9
2.22159090909
66.4772727273
29.25
5.32386363636
21.6089
44.0
27.7847727273
176
9
2.33510638298
71.2765957447
13.4
5.48936170213
20.35898
18.8
19.2962553191
188
9
2.95031055901
74.5341614907
12.0
6.95031055901
20.22506
16.1
25.5026645963
161
9
2.35761589404
73.5099337748
18.5
5.45695364238
20.6747666667
25.1666666667
22.0448675497
151
9
2.55414012739
66.8789808917
15.0
5.9872611465
20.5389571429
22.4285714286
23.2959963603
157
9
2.08108108108
67.5675675676
10.7142857143
5.24324324324
20.2130142857
15.8571428571
15.151042471
111
9
2.46808510638
71.914893617
18.7777777778
5.9914893617
20.7216111111
26.1111111111
23.7167375887
235
9
2.36274509804
73.5294117647
12.5
5.85294117647
20.2697
17.0
18.9203921569
102
9
2.13043478261
71.0144927536
7.35
5.10628019324
19.93986
10.35
13.5856304348
207
9
2.09333333333
59.3333333333
9.88888888889
5.18666666667
20.2531666667
16.6666666667
15.6113333333
150
9
2.08208955224
65.671641791
14.6666666667
5.35820895522
20.5342333333
22.3333333333
17.6886567164
134
9
2.27513227513
67.7248677249
18.2857142857
5.45502645503
20.7657
27.0
21.7865608466
189
9
2.17098445596
66.8393782383
16.125
5.21243523316
20.6231
24.125
19.4363665803
193
9
2.29775280899
65.1685393258
14.5
5.43258426966
20.5301
22.25
20.2009831461
178
9
2.26229508197
75.956284153
69.5
5.67759562842
23.9649
91.5
46.7900819672
183
9
2.21428571429
66.3265306122
21.6666666667
5.37244897959
21.0467666667
32.6666666667
23.2785714286
196
9
2.67052023121
76.3005780347
13.2
6.27167630058
20.28458
17.3
22.6691387283
173
9
2.09216589862
61.2903225806
10.2307692308
5.06912442396
20.2544384615
16.6923076923
15.6075576037
217
9
2.27472527473
70.3296703297
16.0
5.34065934066
20.5549
22.75
20.1242582418
182
9
2.25714285714
65.0
22.75
5.53571428571
21.1625
35.0
24.6942857143
140
9
2.10619469027
61.9469026549
70.0
5.08849557522
25.0313
113.0
53.3330973451
113
9
2.15950920245
66.8711656442
9.90909090909
5.23926380368
20.1614818182
14.8181818182
15.671299498
163
9
2.50862068966
75.0
21.75
5.58620689655
20.8649
29.0
25.3217241379
116
9
2.06726457399
68.1614349776
30.4
4.92376681614
21.63866
44.6
26.1977219731
223
9
2.50279329609
77.6536312849
23.1666666667
5.98324022346
20.9062333333
29.8333333333
25.5779608939
179
9
2.32394366197
69.4835680751
10.5714285714
5.72769953052
20.1811285714
15.2142857143
17.7661066398
213
9
2.27461139896
66.8393782383
14.3333333333
5.58031088083
20.4901444444
21.4444444444
19.6137478411
193
9
2.15765765766
64.8648648649
16.0
5.33333333333
20.6499666667
24.6666666667
19.4903603604
222
9
2.6
73.3333333333
22.0
6.14285714286
20.9145
30.0
26.79
210
9
2.0
60.1156069364
8.66666666667
4.96531791908
20.1415666667
14.4166666667
13.6325
173
9
2.03205128205
67.9487179487
26.5
4.85256410256
21.3609
39.0
23.5982051282
156
9
2.04117647059
67.0588235294
12.6666666667
4.93529411765
20.3633888889
18.8888888889
15.8625490196
170
9
2.35714285714
69.0476190476
29.0
5.63095238095
21.5097
42.0
28.6042857143
84
9
2.24293785311
69.4915254237
17.5714285714
5.50282485876
20.6806714286
25.2857142857
20.7380952381
177
9
2.31770833333
72.3958333333
13.9
5.67708333333
20.37882
19.2
19.2469583333
192
9
2.5530726257
73.1843575419
9.35714285714
6.18994413408
20.0606714286
12.7857142857
19.5226855547
179
9
2.45505617978
75.8426966292
12.2727272727
5.8595505618
20.2291181818
16.1818181818
19.6905720123
178
9
2.46153846154
66.2721893491
28.0
5.86390532544
21.5221
42.25
29.9336538462
169
9
1.90683229814
55.900621118
10.0
4.5900621118
20.3137888889
17.8888888889
13.8872877847
161
9
2.14110429448
66.8711656442
10.9
5.15950920245
20.23498
16.3
16.0320306748
163
9
2.44444444444
71.9576719577
22.6666666667
5.57671957672
20.9889
31.5
25.5394444444
189
9
2.30909090909
67.2727272727
8.53846153846
5.61212121212
20.0560384615
12.6923076923
16.6072727273
165
9
2.24489795918
67.8571428571
13.3
5.38265306122
20.39866
19.6
18.5437959184
196
9
2.20105820106
69.3121693122
26.2
5.31216931217
21.30138
37.8
25.1244867725
189
9
2.47794117647
76.4705882353
20.8
5.75735294118
20.77562
27.2
24.2577058824
136
9
2.4099378882
68.9440993789
18.5
5.68944099379
20.7574333333
26.8333333333
23.3122670807
161
9
2.26291079812
67.1361502347
8.9375
5.50704225352
20.0868
13.3125
16.3042224178
213
9
2.56069364162
71.098265896
13.6666666667
6.1676300578
20.3799222222
19.2222222222
22.1228516378
173
9
2.49152542373
71.186440678
14.0
5.97457627119
20.4019666667
19.6666666667
21.48
118
9
2.53017241379
69.3965517241
20.125
6.00431034483
20.8649
29.0
25.5760344828
232
9
1.99438202247
62.3595505618
12.3333333333
4.92696629213
20.4074777778
19.7777777778
15.6570411985
178
9
2.49032258065
74.8387096774
23.2
5.70967741935
20.9641
31.0
25.8858064516
155
9
2.57407407407
74.0740740741
13.3333333333
6.30555555556
20.3193
18.0
21.8040740741
108
9
2.44936708861
67.7215189873
8.23076923077
5.9746835443
20.0293307692
12.1538461538
18.0525316456
158
9
2.34433962264
75.0
15.9
5.59905660377
20.47802
21.2
20.3412075472
212
9
2.42541436464
69.0607734807
9.61538461538
5.99447513812
20.1170846154
13.9230769231
18.4598895028
181
9
2.32710280374
67.7570093458
36.25
5.60280373832
22.0801
53.5
32.7348130841
214
9
2.25663716814
66.3716814159
18.75
5.50442477876
20.8277
28.25
22.0558185841
226
9
2.49438202247
74.1573033708
11.0
6.10112359551
20.1622333333
14.8333333333
19.6287078652
178
9
2.14563106796
65.0485436893
16.75
5.09708737864
20.7037
25.75
19.7709466019
103
9
2.54054054054
71.6216216216
17.6666666667
6.44594594595
20.6499666667
24.6666666667
24.0083783784
222
9
2.51243781095
73.1343283582
36.75
6.10945273632
21.9189
50.25
33.6542661692
201
9
2.31736526946
71.8562874251
15.0
5.41916167665
20.4619
20.875
19.8961601796
167
9
2.16838487973
65.6357388316
31.8333333333
5.32302405498
21.8321
48.5
28.9119415808
291
9
2.47619047619
74.025974026
42.75
6.04761904762
22.2909
57.75
36.151547619
231
9
2.33636363636
72.7272727273
40.0
5.68181818182
22.1545
55.0
33.4290909091
110
9
2.26804123711
70.1030927835
68.0
5.46391752577
24.2377
97.0
49.0028865979
194
9
2.1338028169
66.9014084507
19.0
5.1514084507
20.83514
28.4
20.6648732394
284
9
2.0193236715
60.38647343
20.8333333333
4.79710144928
21.1377
34.5
21.6930193237
207
9
2.58857142857
74.8571428571
16.375
6.23428571429
20.5115
21.875
23.4863928571
175
9
2.54140127389
73.2484076433
12.7777777778
5.89808917197
20.2917444444
17.4444444444
21.2018683652
157
9
2.28813559322
69.4915254237
41.0
5.44491525424
22.3529
59.0
34.42
236
9
2.59217877095
77.094972067
27.6
5.96089385475
21.20218
35.8
28.9597094972
179
9
2.35249042146
70.4980842912
20.4444444444
5.77777777778
20.8649
29.0
23.4793869732
261
9
2.02222222222
62.6666666667
10.0714285714
4.94222222222
20.2236428571
16.0714285714
14.5400793651
225
9
2.30597014925
74.6268656716
11.1111111111
5.40298507463
20.1649888889
14.8888888889
17.4271144279
134
9
2.43069306931
71.2871287129
28.8
5.78217821782
21.43034
40.4
28.8481782178
202
9
2.25874125874
70.6293706294
20.2
5.40559440559
20.84506
28.6
22.2171468531
143
9
2.37719298246
72.3684210526
20.625
5.62280701754
20.8401
28.5
23.575877193
228
9
2.04237288136
59.7457627119
23.5
4.98305084746
21.3774333333
39.3333333333
23.85
236
9
2.22905027933
61.4525139665
13.75
5.25139664804
20.5363
22.375
19.4390432961
179
9
2.40886699507
76.354679803
22.1428571429
5.83251231527
20.8649
29.0
24.1446305419
203
9
2.33441558442
65.9090909091
14.5
5.77922077922
20.5177
22.0
20.5361038961
308
9
2.05911330049
60.0985221675
10.1666666667
4.94088669951
20.2655666667
16.9166666667
15.3050369458
203
9
2.68786127168
76.3005780347
12.0
6.25433526012
20.2065727273
15.7272727273
22.2603993694
173
9
2.18951612903
62.5
38.75
4.96774193548
22.5017
62.0
34.4262903226
248
9
1.935
62.0
12.4
4.645
20.4185
20.0
15.043
200
9
2.54658385093
70.8074534161
19.0
5.81366459627
20.7574333333
26.8333333333
24.924689441
161
9
2.22598870056
64.9717514124
12.7777777778
5.48587570621
20.4019666667
19.6666666667
18.3466666667
177
9
2.6975308642
75.3086419753
15.25
6.5
20.4309
20.25
24.1383641975
162
9
2.28481012658
64.5569620253
17.0
5.40506329114
20.7326333333
26.3333333333
21.6407594937
158
9
2.68944099379
72.049689441
12.8888888889
6.32298136646
20.3137888889
17.8888888889
23.1220703934
161
9
2.11538461538
63.1868131868
12.7777777778
5.0989010989
20.4295222222
20.2222222222
17.2582051282
182
9
2.93081761006
79.8742138365
9.07142857143
7.04402515723
19.9898142857
11.3571428571
23.422933513
159
9
2.61585365854
75.0
10.25
6.14634146341
20.1043666667
13.6666666667
20.6070731707
164
9
2.13218390805
66.6666666667
7.73333333333
5.20689655172
20.00186
11.6
14.0937701149
174
9
2.35714285714
69.2307692308
14.0
5.79120879121
20.4295222222
20.2222222222
20.110952381
182
9
2.47682119205
71.5231788079
27.0
5.73509933775
21.2989
37.75
28.3589900662
151
9
2.2816091954
71.2643678161
20.6666666667
5.5632183908
20.8649
29.0
22.6429885057
174
9
2.09433962264
68.5534591195
13.625
4.88679245283
20.4123
19.875
16.8744575472
159
9
2.10096153846
63.9423076923
12.0909090909
5.04326923077
20.3643909091
18.9090909091
16.5758916084
208
9
2.24571428571
66.2857142857
16.5714285714
5.49714285714
20.6665
25.0
20.6594285714
175
9
2.21538461538
72.3076923077
10.8461538462
5.29230769231
20.1705
15.0
16.4015384615
195
9
2.63461538462
70.5128205128
13.75
6.13461538462
20.3937
19.5
23.1034615385
156
9
2.32960893855
69.8324022346
11.3636363636
5.87709497207
20.2336272727
16.2727272727
18.2457491112
179
9
2.264
74.4
13.2857142857
5.136
20.3122142857
17.8571428571
18.0894857143
125
9
2.63768115942
80.4347826087
15.8571428571
6.39130434783
20.4043285714
19.7142857143
23.2232091097
138
9
2.31055900621
69.5652173913
16.0
5.32919254658
20.5673
23.0
20.6445962733
161
9
2.73381294964
74.8201438849
17.3333333333
6.71223021583
20.5755666667
23.1666666667
25.7039928058
139
9
2.22302158273
67.6258992806
13.4285714286
5.38848920863
20.4114142857
19.8571428571
18.3859403905
139
9
2.39416058394
70.802919708
12.125
5.83941605839
20.2759
17.125
19.3398448905
137
9
2.17931034483
66.2068965517
5.64705882353
5.28965517241
19.8495588235
8.52941176471
13.4523326572
145
9
2.54032258065
77.4193548387
8.0
6.14516129032
19.9390333333
10.3333333333
18.4158064516
124
9
2.20245398773
67.4846625767
6.11111111111
5.36809815951
19.8756555556
9.05555555556
13.9306237219
163
9
2.09352517986
66.9064748201
10.3333333333
4.94964028777
20.1925444444
15.4444444444
15.1369304556
139
9
2.17730496454
69.5035460993
12.25
5.12056737589
20.3007
17.625
16.9759485816
141
9
2.69879518072
75.9036144578
12.6
6.40361445783
20.24986
16.6
22.7297831325
166
9
2.41621621622
65.9459459459
11.0909090909
5.82162162162
20.2606818182
16.8181818182
19.4804422604
185
9
2.22346368715
69.2737430168
17.7142857143
5.45251396648
20.6948428571
25.5714285714
20.6197286512
179
9
2.45859872611
71.3375796178
16.0
5.92356687898
20.5389571429
22.4285714286
22.1686078253
157
9
2.60451977401
74.011299435
10.0769230769
6.22598870056
20.1018230769
13.6153846154
20.4533333333
177
9
2.18987341772
62.6582278481
12.375
5.1582278481
20.4061
19.75
17.9530063291
158
9
2.50310559006
75.7763975155
11.0909090909
6.09316770186
20.1524636364
14.6363636364
19.6548277809
161
9
2.39325842697
75.2808988764
7.88235294118
5.58988764045
19.9458411765
10.4705882353
16.73397885
178
9
2.22012578616
69.1823899371
11.0
5.27044025157
20.21514
15.9
16.8084842767
159
9
2.5325443787
73.9644970414
8.92857142857
6.13017751479
20.0252428571
12.0714285714
19.0018808115
169
9
2.43292682927
72.5609756098
9.15384615385
5.99390243902
20.0522230769
12.6153846154
18.0385365854
164
9
2.2962962963
69.1358024691
14.0
5.54320987654
20.4309
20.25
19.4037962963
162
9
2.31395348837
69.7674418605
12.0
5.6976744186
20.27962
17.2
18.4226511628
172
9
2.67032967033
74.1758241758
15.0
6.28021978022
20.4295222222
20.2222222222
23.8065567766
182
9
