1.19130434783
18.9130434783
1.58181818182
4.09130434783
19.8413363636
8.36363636364
1.72920948617
460
K-1
1.0
16.6666666667
7.0
3.64285714286
21.5097
42.0
12.59
42
K-1
1.28571428571
19.0476190476
4.0
3.7619047619
20.4681
21.0
7.77142857143
21
K-1
0.933333333333
13.3333333333
4.0
3.33333333333
20.9145
30.0
7.12333333333
30
K-1
1.14285714286
17.1428571429
6.0
4.22857142857
21.1625
35.0
11.5457142857
35
K-1
1.0
7.69230769231
1.0
4.76923076923
20.0713
13.0
1.28
13
K-1
1.69565217391
52.1739130435
12.0
5.69565217391
20.5673
23.0
13.3886956522
23
K-1
1.17314487633
21.9081272085
4.42857142857
3.7703180212
20.4291285714
20.2142857143
6.13668096921
283
K-1
1.39534883721
27.9069767442
12.0
5.09302325581
21.5593
43.0
17.6451162791
43
K-1
1.20634920635
28.5714285714
9.0
5.14285714286
20.9889
31.5
10.9299206349
63
K-1
1.49715909091
33.5227272727
4.72
4.91477272727
20.124868
14.08
7.56767727273
352
K-1
1.35179153094
28.990228013
3.17857142857
4.40716612378
19.9703285714
10.9642857143
4.63721149372
307
K-1
1.31486146096
27.2040302267
108.0
4.23173803526
39.1177
397.0
154.755365239
397
K-1
1.26953125
22.265625
2.85
4.57421875
20.06138
12.8
4.38246875
256
K-1
1.20249221184
22.1183800623
1.86842105263
4.11838006231
19.8454894737
8.44736842105
1.8938817839
321
K-1
1.29339853301
26.8948655257
3.33333333333
4.50366748166
20.0412393939
12.3939393939
4.50573905312
409
K-1
1.42210144928
31.5217391304
4.7027027027
4.66847826087
20.1664783784
14.9189189189
7.00917547983
552
K-1
1.06738544474
17.5202156334
8.125
3.71698113208
21.7267
46.375
15.091398248
371
K-1
1.24183006536
22.2222222222
34.0
4.06535947712
27.0153
153.0
58.7335947712
153
K-1
1.25
23.1132075472
16.3333333333
3.89622641509
22.9315666667
70.6666666667
26.72
212
K-1
1.08849557522
18.5840707965
21.0
4.69026548673
25.0313
113.0
41.3242477876
113
K-1
1.35877862595
27.8625954198
7.68421052632
4.29389312977
20.7944157895
27.5789473684
11.1993772599
524
K-1
1.14285714286
18.2857142857
5.33333333333
3.86
20.8731666667
29.1666666667
9.27071428571
350
K-1
1.42331288344
32.5153374233
7.57142857143
4.50613496933
20.5814714286
23.2857142857
10.286520596
326
K-1
1.40254237288
29.6610169492
5.83333333333
4.76694915254
20.4019666667
19.6666666667
8.63
236
K-1
1.34042553191
25.5319148936
8.0
4.3829787234
20.9806333333
31.3333333333
12.4470212766
282
K-1
1.33882352941
26.8235294118
6.0
4.26117647059
20.5359736842
22.3684210526
8.93180185759
425
K-1
1.31182795699
29.0322580645
6.75
4.29032258065
20.5797
23.25
8.95706989247
93
K-1
1.48275862069
33.0049261084
6.09090909091
4.58620689655
20.3418454545
18.4545454545
9.10382445141
203
K-1
1.34262948207
29.8804780876
3.0
4.49800796813
19.924484
10.04
4.16862788845
251
K-1
1.48130841121
35.9813084112
77.0
4.94859813084
30.0409
214.0
85.3494392523
214
K-1
1.15207373272
20.9677419355
2.75757575758
4.08986175115
20.0788151515
13.1515151515
3.13356095517
434
K-1
1.08888888889
15.5555555556
1.75
3.62222222222
19.9845
11.25
1.64638888889
45
K-1
0.973684210526
7.89473684211
3.0
3.42105263158
21.3113
38.0
10.7194736842
38
K-1
1.12468193384
18.320610687
2.76923076923
4.16030534351
20.1762230769
15.1153846154
3.57624681934
393
K-1
1.12466124661
19.783197832
2.08571428571
3.91056910569
19.9494257143
10.5428571429
1.79271699574
369
K-1
1.43835616438
31.5068493151
11.5
4.80821917808
21.2369
36.5
15.6176027397
73
K-1
1.328125
29.6875
19.0
4.921875
22.6009
64.0
25.041875
64
K-1
1.42372881356
25.4237288136
15.0
4.72881355932
22.3529
59.0
24.22
59
K-1
1.39428571429
36.5714285714
4.57142857143
4.50857142857
20.0465
12.5
5.73757142857
175
4-5
1.36470588235
29.8039215686
4.75
4.47843137255
20.217
15.9375
6.72915441176
255
4-5
1.59003831418
40.6130268199
8.15384615385
4.98850574713
20.4223153846
20.0769230769
11.0024521073
261
4-5
1.3829787234
25.5319148936
5.45454545455
4.71489361702
20.4861363636
21.3636363636
9.06096711799
235
4-5
1.66666666667
37.9310344828
5.82352941176
4.99616858238
20.1880058824
15.3529411765
10.0643137255
261
4-5
1.43243243243
34.2342342342
4.75
4.4954954955
20.1147
13.875
6.7239527027
111
4-5
1.38626609442
30.4721030043
4.73333333333
4.58369098712
20.1969533333
15.5333333333
6.82593991416
233
4-5
1.34729493892
29.3193717277
3.0
4.57068062827
19.9340142857
10.2321428571
4.29861599352
573
4-5
1.81284916201
44.4134078212
5.88888888889
5.43854748603
20.0841592593
13.2592592593
10.9727312228
358
4-5
1.2619047619
23.0158730159
29.0
4.57936507937
25.6761
126.0
48.4404761905
126
4-5
1.5
36.7346938776
12.0
5.22448979592
21.0467666667
32.6666666667
14.85
98
4-5
1.36216216216
31.5315315315
43.75
4.50810810811
26.3085
138.75
54.5960135135
555
4-5
1.42708333333
37.5
36.0
4.61458333333
24.1881
96.0
38.6895833333
96
4-5
1.75
43.75
7.0
5.4375
20.2201
16.0
11.3
16
4-5
1.34126984127
25.3968253968
32.0
4.84920634921
25.6761
126.0
49.376984127
126
4-5
1.35555555556
26.6666666667
24.0
4.30740740741
23.8905
90.0
35.5055555556
270
4-5
1.43386243386
31.746031746
4.61538461538
4.56613756614
20.1476076923
14.5384615385
6.99957671958
189
4-5
1.44322344322
31.8681318681
12.4285714286
4.35347985348
21.3609
39.0
16.65003663
546
4-5
1.40170940171
30.7692307692
7.2
4.61538461538
20.58714
23.4
10.0761709402
117
4-5
1.36931818182
32.6704545455
5.75
4.58238636364
20.29946
17.6
7.43195454545
352
4-5
1.36931818182
32.6704545455
5.75
4.58238636364
20.29946
17.6
7.43195454545
352
4-5
1.45161290323
33.4677419355
4.88235294118
4.65725806452
20.1500764706
14.5882352941
7.22844402277
248
4-5
1.46551724138
37.0689655172
5.05882352941
4.84482758621
20.1033941176
13.6470588235
7.02545638945
232
4-5
1.38738738739
30.6306306306
10.2
4.61561561562
21.07818
33.3
13.7681711712
333
4-5
1.36764705882
28.3088235294
6.41666666667
4.47058823529
20.5507666667
22.6666666667
9.38823529412
272
4-5
1.6308411215
40.6542056075
14.5
5.28971962617
21.1955666667
35.6666666667
17.5639252336
214
4-5
1.65178571429
39.2857142857
11.0
5.50892857143
20.8153
28.0
14.8210714286
112
4-5
1.44595744681
28.7659574468
4.69444444444
4.43063829787
20.2359444444
16.3194444444
7.83688120567
1175
9-10
1.63302752294
42.5076452599
8.6875
5.22324159021
20.4402
20.4375
11.6503497706
327
9-10
1.52369668246
38.5071090047
6.01851851852
4.94194312796
20.2017296296
15.6296296296
8.48517640864
844
9-10
1.25190839695
22.1374045802
5.8
4.51908396947
20.72602
26.2
9.40051908397
131
9-10
1.44052863436
32.1585903084
12.1666666667
4.71806167401
21.3030333333
37.8333333333
16.1632378855
227
9-10
1.4003164557
32.2784810127
17.0
4.68512658228
22.0387666667
52.6666666667
21.4737341772
632
9-10
1.32236842105
32.8947368421
25.0
4.88157894737
23.1961
76.0
29.6539473684
152
9-10
1.329218107
24.2798353909
4.53846153846
4.21399176955
20.3536384615
18.6923076923
7.38477366255
243
9-10
1.43181818182
33.7121212121
7.41666666667
4.4696969697
20.5177
22.0
9.88545454545
264
9-10
1.22159090909
21.0227272727
37.0
3.91477272727
28.1561
176.0
67.4647727273
176
9-10
1.40126382306
30.0157977883
6.12903225806
4.5355450237
20.4393
20.4193548387
8.90846149926
633
9-10
1.52419354839
35.752688172
4.58620689655
4.70967741935
20.0627482759
12.8275862069
7.39824249166
372
9-10
1.38679245283
30.1886792453
7.11111111111
4.32075471698
20.5948555556
23.5555555556
9.96081761006
212
9-10
1.70189701897
39.837398374
10.5
5.11788617886
20.7338142857
26.3571428571
14.7716705381
738
9-10
1.43445692884
31.8352059925
4.47368421053
4.58801498127
20.1235105263
14.0526315789
6.81711807609
267
9-10
1.54639175258
37.1134020619
6.0
4.80412371134
20.2283666667
16.1666666667
8.96242268041
97
9-10
1.39726027397
31.0502283105
4.0
4.56621004566
20.0654647059
12.8823529412
5.92178887994
219
9-10
1.40277777778
31.5972222222
7.0
4.55902777778
20.5253307692
22.1538461538
9.60277777778
288
9-10
1.38360655738
29.5081967213
4.28571428571
4.7737704918
20.1468809524
14.5238095238
6.40084309133
305
9-10
1.77070063694
42.4628450106
12.5
5.03397027601
20.8866
29.4375
16.7848925159
471
9-10
1.65359477124
39.2156862745
10.9090909091
5.07843137255
20.8062818182
27.8181818182
14.7715092097
306
9-10
1.55421686747
37.7510040161
9.4
4.82730923695
20.66154
24.9
12.4607590361
249
9-10
1.21739130435
22.4637681159
31.0
4.4347826087
26.2713
138.0
52.5952173913
138
9-10
1.34976152623
26.3910969793
5.1875
4.39109697933
20.40145
19.65625
8.00312350954
629
9-10
1.38322368421
25.3289473684
2.16901408451
4.51151315789
19.851243662
8.56338028169
4.07175778354
608
9-10
1.45914396887
29.9610894942
9.625
4.42412451362
21.0199
32.125
14.1566488327
257
9-10
1.45079365079
33.6507936508
8.15384615385
4.57142857143
20.6283461538
24.2307692308
10.9793650794
315
9-10
1.53475935829
37.4331550802
5.0
4.6577540107
20.0890142857
13.3571428571
7.72944614209
187
9-10
1.35849056604
31.1320754717
16.5
4.70754716981
22.0553
53.0
21.1101886792
106
9-10
1.36959064327
27.3684210526
5.31818181818
4.4081871345
20.3903181818
19.4318181818
8.14957868155
855
9-10
1.36494252874
30.1724137931
2.5
4.34482758621
19.8374714286
8.28571428571
3.74775041051
348
9-10
1.53012048193
33.4337349398
13.0588235294
4.76054216867
21.3638176471
39.0588235294
17.6983628632
664
9-10
1.684
38.8
9.7
5.144
20.6665
25.0
14.0312
250
9-10
1.60815047022
37.9310344828
9.30769230769
4.84326018809
20.6436076923
24.5384615385
12.9561755486
319
9-10
1.47609942639
37.2848948375
195.0
4.7896749522
45.3673
523.0
205.797973231
1046
9-10
1.61696658098
36.2467866324
12.8181818182
4.94087403599
21.1805363636
35.3636363636
17.2820238373
778
9-10
1.28720626632
24.8041775457
5.58823529412
4.40992167102
20.5439588235
22.5294117647
8.38550453079
383
9-10
1.74045801527
42.2391857506
20.75
5.34096692112
21.8631
49.125
24.1061545802
393
9-10
1.68698060942
36.8421052632
9.5
5.28254847645
20.7054714286
25.7857142857
14.3727997626
361
9-10
1.50638297872
32.3404255319
7.6
4.5914893617
20.5921
23.5
11.3503191489
235
9-10
1.3829787234
31.914893617
30.0
4.74468085106
24.0889
94.0
37.3891489362
94
9-10
1.50706713781
33.3922261484
13.5
4.55123674912
21.4317571429
40.4285714286
17.9605350833
566
9-10
1.20577617329
23.4657039711
4.0625
4.61732851986
20.2852
17.3125
5.39003384477
277
9-10
1.4032586558
28.9205702648
8.35294117647
4.29735234216
20.8590647059
28.8823529412
12.2325697856
491
9-10
1.50299401198
31.9361277445
10.0
4.75848303393
20.9796
31.3125
14.3572043413
501
9-10
1.40697674419
32.1705426357
6.91666666667
4.59302325581
20.4929
21.5
9.3973255814
258
9-10
1.36764705882
29.4117647059
20.0
4.70588235294
22.7993
68.0
27.0682352941
68
9-10
1.37623762376
25.9900990099
5.0
4.43564356436
20.3807095238
19.2380952381
8.15246110325
404
9-10
1.34461538462
28.6153846154
2.90625
4.2
19.93025
10.15625
4.23739903846
325
9-10
1.86141304348
43.4782608696
16.0
5.42934782609
21.25178
36.8
20.726673913
368
9-10
1.2576419214
19.2139737991
44.0
4.12227074236
30.7849
229.0
88.5601746725
229
9-10
1.42950819672
32.131147541
9.8
4.45573770492
20.9393
30.5
13.1731967213
305
9-10
1.71195652174
39.5833333333
18.2083333333
5.10960144928
21.7081
46.0
22.5510869565
1104
9-10
1.60162601626
35.7723577236
7.33333333333
5.13414634146
20.4433
20.5
11.3041869919
246
9-10
1.48633879781
32.2404371585
7.375
4.51366120219
20.5611
22.875
10.8700478142
183
9-10
1.38368055556
27.7777777778
5.33333333333
4.49826388889
20.37882
19.2
8.22543055556
576
9-10
1.69036697248
39.4495412844
12.2857142857
5.09633027523
20.9711857143
31.1428571429
16.5020445609
436
9-10
1.76450511945
38.9078498294
19.0
5.33105802048
21.8486333333
48.8333333333
24.2761604096
293
9-10
1.40909090909
29.7520661157
10.2857142857
4.52066115702
21.1412428571
34.5714285714
14.5201298701
242
9-10
